20189.8	34411
19360.8	29046.1
16361.1	25175.2
14915.8	21939.7
14915.8	19573.2
12968.7	17848.4
12806.4	16311.8
11931.6	14971
10877.9	13867.1
10098.7	12941.4
8827.39	12118.5
8931.23	11222.6
8481.18	10377.1
7990.34	9623.12
7711.48	9038.22
7502.91	8628.65
7290.99	8257.84
7132.11	7869.09
6889.89	7562.43
6748.71	7317.85
6382.62	7130.77
6028.74	6957.98
6028.74	6793.2
5925.67	6626.77
5897.85	6384.63
5851.24	6116.35
5815.58	5992.62
5741.12	5910.28
5686.65	5866.05
5652.31	5789.33
5577.88	5731.19
5485.98	5685.03
5395.28	5641.24
5395.28	5587.02
5370.03	5530.99
5347.01	5462.36
5334.31	5407.46
5307.94	5381.07
5277.28	5348.08
5230.19	5318.95
5230.19	5307.89
5164.48	5276.21
5159.3	5237.31
5146.93	5181.81
5141.75	5166.08
5105.58	5157.23
5105.58	5148.56
5105.58	5138.46
5105.58	5131.58
5102.92	5125.18
5102.92	5112.76
5088.02	5105.51
5085.37	5105.08
5081.17	5102.49
5058.91	5096.73
5058.91	5085.46
5058.91	5080.67
5058.91	5077.4
5027.28	5072.47
5027.28	5066.55
5027.28	5058.59
5027.28	5056.54
5014.68	5043.32
5014.68	5027.22
5014.68	5026.69
5005.03	5023.23
5005.03	5014.64
5003.6	5013.31
4998.59	5007.63
4997.02	5004.08
4997.02	5000.24
4997.02	4998.57
4986.13	4998.45
4986.13	4997.69
4984.57	4996.89
4984.57	4996.05
4982.24	4990.76
4974.29	4984.66
4974.29	4983.66
4966.63	4982.13
4966.63	4981.49
4966.63	4977.51
4966.63	4970.37
4966.63	4966.63
4961.3	4966.63
4961.3	4966.62
4961.3	4966.5
4961.3	4965.74
4958.02	4962.56
4958.02	4961.29
4958.02	4961.22
4958.02	4960.71
4958.02	4958.62
4958.02	4958.02
4958.02	4958.02
4958.02	4958.02
4958.02	4958.02
4958.02	4958.02
4958.02	4958.02
4958.02	4958.02
4958.02	4958.02
4955.67	4958.01
4955.67	4957.97
4955.67	4957.67
4955.67	4955.96
4955.67	4955.67
4955.67	4955.67
4955.67	4955.67
4955.67	4955.67
4955.67	4955.67
4955.67	4955.67
4955.67	4955.67
4955.67	4955.67
4955.67	4955.67
4955.67	4955.67
4955.67	4955.67
4955.67	4955.67
4955.67	4955.67
4955.67	4955.67
4955.67	4955.67
4955.67	4955.67
4955.67	4955.67
4955.67	4955.67
4955.67	4955.67
4955.67	4955.67
4955.67	4955.67
4955.67	4955.67
4955.67	4955.67
4955.67	4955.67
4955.67	4955.67
4955.67	4955.67
4955.67	4955.67
4955.67	4955.67
4955.67	4955.67
4955.67	4955.67
4955.67	4955.67
4955.67	4955.67
4955.67	4955.67
4955.67	4955.67
4955.67	4955.67
4955.67	4955.67
4955.12	4955.67
4955.12	4955.66
4955.12	4955.61
4955.12	4955.31
4955.12	4955.12
4955.12	4955.12
4955.12	4955.12
4955.12	4955.12
4955.12	4955.12
4955.12	4955.12
4955.12	4955.12
4955.12	4955.12
4955.12	4955.12
4955.12	4955.12
4955.12	4955.12
4955.12	4955.12
4955.12	4955.12
4955.12	4955.12
4955.12	4955.12
4955.12	4955.12
4955.12	4955.12
4955.12	4955.12
4955.12	4955.12
4955.12	4955.12
4955.12	4955.12
4955.12	4955.12
4955.12	4955.12
4955.12	4955.12
4955.12	4955.12
4955.12	4955.12
4955.12	4955.12
4955.12	4955.12
4955.12	4955.12
4955.12	4955.12
4955.12	4955.12
4955.12	4955.12
4955.12	4955.12
4955.12	4955.12
4955.12	4955.12
4955.12	4955.12
4955.12	4955.12
4955.12	4955.12
4955.12	4955.12
4955.12	4955.12
4955.12	4955.12
4955.12	4955.12
4955.12	4955.12
4955.12	4955.12
4955.12	4955.12
4955.12	4955.12
4955.12	4955.12
4955.12	4955.12
4955.12	4955.12
4955.12	4955.12
4955.12	4955.12
4955.12	4955.12
4955.12	4955.12
4955.12	4955.12
4955.12	4955.12
4955.12	4955.12
