7.42112	11.1212
6.60758	9.5774
5.60896	8.42831
5.1015	7.42572
4.64439	6.62205
4.07329	5.95014
3.63282	5.38689
3.24289	4.88102
3.22993	4.41936
2.69953	3.96871
2.5601	3.58226
2.41731	3.25442
2.38637	2.95059
2.26682	2.65461
2.07153	2.48666
1.86093	2.3507
1.86093	2.20984
1.76601	2.06236
1.76601	1.93427
1.74295	1.8527
1.6737	1.78234
1.5967	1.76235
1.5967	1.74689
1.57327	1.7218
1.51361	1.66273
1.49944	1.60694
1.45068	1.58943
1.44165	1.57441
1.34941	1.52106
1.35558	1.49024
1.30587	1.44144
1.17009	1.38547
1.17009	1.3478
1.02814	1.32926
1.1197	1.28355
1.02144	1.27554
1.02144	1.25276
1.02144	1.16189
1.02144	1.10657
1.01988	1.08677
1.01988	1.03622
1.01754	1.02143
1.01754	1.0214
1.01754	1.02114
1.01754	1.01941
1.01754	1.01754
1.01754	1.01754
1.01754	1.01754
1.01754	1.01754
1.01754	1.01754
1.01754	1.01754
1.01754	1.01754
1.01754	1.01754
1.01754	1.01754
1.01754	1.01754
1.01754	1.01754
1.01754	1.01754
1.01754	1.01754
1.01754	1.01754
1.01754	1.01754
1.01754	1.01754
1.01754	1.01754
1.01754	1.01754
1.01754	1.01754
1.01754	1.01754
1.01754	1.01754
1.01754	1.01754
1.01754	1.01754
1.01754	1.01754
1.01754	1.01754
1.01754	1.01754
1.01754	1.01754
1.01754	1.01754
1.01754	1.01754
1.01754	1.01754
1.01754	1.01754
1.01754	1.01754
1.01754	1.01754
1.01754	1.01754
1.01754	1.01754
1.01754	1.01754
1.01754	1.01754
1.01754	1.01754
1.01754	1.01754
1.01754	1.01754
1.01754	1.01754
1.01754	1.01754
1.01754	1.01754
1.01754	1.01754
1.01754	1.01754
1.01754	1.01754
1.01754	1.01754
1.01754	1.01754
1.01754	1.01754
1.01754	1.01754
1.01754	1.01754
1.01754	1.01754
1.01754	1.01754
1.01754	1.01754
1.01754	1.01754
1.01754	1.01754
1.01754	1.01754
1.01754	1.01754
1.01754	1.01754
1.01754	1.01754
1.01754	1.01754
1.01754	1.01754
1.01754	1.01754
1.01754	1.01754
1.01754	1.01754
1.01754	1.01754
1.01754	1.01754
1.01754	1.01754
1.01754	1.01754
1.01754	1.01754
1.01754	1.01754
1.01754	1.01754
1.01754	1.01754
1.01754	1.01754
1.01754	1.01754
1.01754	1.01754
1.01754	1.01754
1.01754	1.01754
1.01754	1.01754
1.01754	1.01754
1.01754	1.01754
1.01754	1.01754
1.01754	1.01754
1.01754	1.01754
1.01754	1.01754
1.01754	1.01754
1.01754	1.01754
1.01754	1.01754
1.01754	1.01754
1.01754	1.01754
1.01754	1.01754
1.01754	1.01754
1.01754	1.01754
1.01754	1.01754
1.01754	1.01754
1.01754	1.01754
1.01754	1.01754
1.01754	1.01754
1.01754	1.01754
1.01754	1.01754
1.01754	1.01754
1.01754	1.01754
1.01754	1.01754
1.01754	1.01754
1.01754	1.01754
1.01754	1.01754
1.01754	1.01754
1.01754	1.01754
1.01754	1.01754
1.01754	1.01754
1.01754	1.01754
1.01754	1.01754
1.01754	1.01754
1.01754	1.01754
1.01754	1.01754
1.01754	1.01754
1.01754	1.01754
1.01754	1.01754
1.01754	1.01754
1.01754	1.01754
1.01754	1.01754
1.01754	1.01754
1.01754	1.01754
1.01754	1.01754
1.01754	1.01754
1.01754	1.01754
1.01754	1.01754
1.01754	1.01754
1.01754	1.01754
1.01754	1.01754
1.01754	1.01754
1.01754	1.01754
1.01754	1.01754
1.01754	1.01754
1.01754	1.01754
1.01754	1.01754
1.01754	1.01754
1.01754	1.01754
1.01754	1.01754
1.01754	1.01754
1.01754	1.01754
1.01754	1.01754
1.01754	1.01754
1.01754	1.01754
1.01754	1.01754
1.01754	1.01754
1.01754	1.01754
1.01754	1.01754
1.01754	1.01754
1.01754	1.01754
1.01754	1.01754
1.01754	1.01754
1.01754	1.01754
1.01754	1.01754
1.01754	1.01754
1.01754	1.01754
1.01754	1.01754
1.01754	1.01754
1.01754	1.01754
1.01754	1.01754
1.01754	1.01754
1.01754	1.01754
1.01754	1.01754
1.01754	1.01754
1.01754	1.01754
1.01754	1.01754
1.01754	1.01754
1.01754	1.01754
1.01754	1.01754
1.01754	1.01754
1.01754	1.01754
1.01754	1.01754
1.01754	1.01754
1.01754	1.01754
1.01754	1.01754
1.01754	1.01754
1.01754	1.01754
1.01754	1.01754
1.01754	1.01754
1.01754	1.01754
1.01754	1.01754
1.01754	1.01754
1.01754	1.01754
1.01754	1.01754
1.01754	1.01754
1.01754	1.01754
1.01754	1.01754
1.01754	1.01754
1.01754	1.01754
1.01754	1.01754
1.01754	1.01754
1.01754	1.01754
1.01754	1.01754
1.01754	1.01754
1.01754	1.01754
1.01754	1.01754
1.01754	1.01754
1.01754	1.01754
1.01754	1.01754
1.01754	1.01754
1.01754	1.01754
1.01754	1.01754
1.01754	1.01754
1.01754	1.01754
1.01754	1.01754
1.01754	1.01754
1.01754	1.01754
1.01754	1.01754
1.01754	1.01754
1.01754	1.01754
1.01754	1.01754
1.01754	1.01754
1.01754	1.01754
1.01754	1.01754
1.01754	1.01754
1.01754	1.01754
1.01754	1.01754
1.01754	1.01754
1.01754	1.01754
1.01754	1.01754
1.01754	1.01754
1.01754	1.01754
1.01754	1.01754
1.01754	1.01754
1.01754	1.01754
1.01754	1.01754
1.01754	1.01754
1.01754	1.01754
1.01754	1.01754
1.01754	1.01754
1.01754	1.01754
1.01754	1.01754
1.01754	1.01754
1.01754	1.01754
1.01754	1.01754
1.01754	1.01754
1.01754	1.01754
1.01754	1.01754
1.01754	1.01754
1.01754	1.01754
1.01754	1.01754
1.01754	1.01754
1.01754	1.01754
1.01754	1.01754
1.01754	1.01754
1.01754	1.01754
1.01754	1.01754
1.01754	1.01754
1.01754	1.01754
1.01754	1.01754
1.01754	1.01754
1.01754	1.01754
1.01754	1.01754
1.01754	1.01754
1.01754	1.01754
1.01754	1.01754
1.01754	1.01754
1.01754	1.01754
1.01754	1.01754
1.01754	1.01754
1.01754	1.01754
1.01754	1.01754
1.01754	1.01754
1.01754	1.01754
1.01754	1.01754
1.01754	1.01754
1.01754	1.01754
1.01754	1.01754
1.01754	1.01754
1.01754	1.01754
1.01754	1.01754
1.01754	1.01754
1.01754	1.01754
1.01754	1.01754
1.01754	1.01754
1.01754	1.01754
1.01754	1.01754
1.01754	1.01754
1.01754	1.01754
1.01754	1.01754
1.01754	1.01754
1.01754	1.01754
1.01754	1.01754
1.01754	1.01754
1.01754	1.01754
1.01754	1.01754
1.01754	1.01754
1.01754	1.01754
1.01754	1.01754
1.01754	1.01754
1.01754	1.01754
1.01754	1.01754
1.01754	1.01754
1.01754	1.01754
1.01754	1.01754
1.01754	1.01754
1.01754	1.01754
1.01754	1.01754
1.01754	1.01754
1.01754	1.01754
1.01754	1.01754
1.01754	1.01754
1.01754	1.01754
1.01754	1.01754
1.01754	1.01754
1.01754	1.01754
1.01754	1.01754
1.01754	1.01754
1.01754	1.01754
1.01754	1.01754
1.01754	1.01754
1.01754	1.01754
1.01754	1.01754
1.01754	1.01754
1.01754	1.01754
1.01754	1.01754
1.01754	1.01754
1.01754	1.01754
1.01754	1.01754
1.01754	1.01754
1.01754	1.01754
1.01754	1.01754
1.01754	1.01754
1.01754	1.01754
1.01754	1.01754
1.01754	1.01754
1.01754	1.01754
1.01754	1.01754
1.01754	1.01754
1.01754	1.01754
1.01754	1.01754
1.01754	1.01754
1.01754	1.01754
1.01754	1.01754
1.01754	1.01754
1.01754	1.01754
1.01754	1.01754
1.01754	1.01754
1.01754	1.01754
1.01754	1.01754
1.01754	1.01754
1.01754	1.01754
1.01754	1.01754
1.01754	1.01754
1.01754	1.01754
1.01754	1.01754
1.01754	1.01754
1.01754	1.01754
1.01754	1.01754
1.01754	1.01754
1.01754	1.01754
1.01754	1.01754
1.01754	1.01754
1.01754	1.01754
1.01754	1.01754
1.01754	1.01754
1.01754	1.01754
1.01754	1.01754
1.01754	1.01754
1.01754	1.01754
1.01754	1.01754
1.01754	1.01754
1.01754	1.01754
1.01754	1.01754
1.01754	1.01754
1.01754	1.01754
1.01754	1.01754
1.01754	1.01754
1.01754	1.01754
1.01754	1.01754
1.01754	1.01754
1.01754	1.01754
1.01754	1.01754
1.01754	1.01754
1.01754	1.01754
1.01754	1.01754
1.01754	1.01754
1.01754	1.01754
1.01754	1.01754
1.01754	1.01754
1.01754	1.01754
1.01754	1.01754
1.01754	1.01754
1.01754	1.01754
1.01754	1.01754
1.01754	1.01754
1.01754	1.01754
1.01754	1.01754
1.01754	1.01754
1.01754	1.01754
1.01754	1.01754
1.01754	1.01754
1.01754	1.01754
1.01754	1.01754
1.01754	1.01754
1.01754	1.01754
1.01754	1.01754
1.01754	1.01754
1.01754	1.01754
1.01754	1.01754
1.01754	1.01754
1.01754	1.01754
1.01754	1.01754
1.01754	1.01754
1.01754	1.01754
1.01754	1.01754
1.01754	1.01754
1.01754	1.01754
1.01754	1.01754
1.01754	1.01754
1.01754	1.01754
1.01754	1.01754
1.01754	1.01754
1.01754	1.01754
1.01754	1.01754
1.01754	1.01754
1.01754	1.01754
1.01754	1.01754
1.01754	1.01754
1.01754	1.01754
1.01754	1.01754
1.01754	1.01754
1.01754	1.01754
1.01754	1.01754
1.01754	1.01754
1.01754	1.01754
1.01754	1.01754
1.01754	1.01754
1.01754	1.01754
1.01754	1.01754
1.01754	1.01754
1.01754	1.01754
1.01754	1.01754
1.01754	1.01754
1.01754	1.01754
1.01754	1.01754
1.01754	1.01754
1.01754	1.01754
1.01754	1.01754
1.01754	1.01754
1.01754	1.01754
1.01754	1.01754
1.01754	1.01754
1.01754	1.01754
1.01754	1.01754
1.01754	1.01754
1.01754	1.01754
1.01754	1.01754
1.01754	1.01754
1.01754	1.01754
1.01754	1.01754
1.01754	1.01754
1.01754	1.01754
1.01754	1.01754
1.01754	1.01754
1.01754	1.01754
1.01754	1.01754
1.01754	1.01754
1.01754	1.01754
1.01754	1.01754
1.01754	1.01754
1.01754	1.01754
1.01754	1.01754
1.01754	1.01754
1.01754	1.01754
1.01754	1.01754
1.01754	1.01754
1.01754	1.01754
1.01754	1.01754
1.01754	1.01754
1.01754	1.01754
1.01754	1.01754
1.01754	1.01754
1.01754	1.01754
1.01754	1.01754
1.01754	1.01754
1.01754	1.01754
1.01754	1.01754
1.01754	1.01754
1.01754	1.01754
1.01754	1.01754
1.01754	1.01754
1.01754	1.01754
1.01754	1.01754
1.01754	1.01754
1.01754	1.01754
1.01754	1.01754
1.01754	1.01754
1.01754	1.01754
1.01754	1.01754
1.01754	1.01754
1.01754	1.01754
1.01754	1.01754
1.01754	1.01754
1.01754	1.01754
1.01754	1.01754
1.01754	1.01754
1.01754	1.01754
1.01754	1.01754
1.01754	1.01754
1.01754	1.01754
1.01754	1.01754
1.01754	1.01754
1.01754	1.01754
1.01754	1.01754
1.01754	1.01754
1.01754	1.01754
1.01754	1.01754
1.01754	1.01754
1.01754	1.01754
1.01754	1.01754
1.01754	1.01754
1.01754	1.01754
1.01754	1.01754
1.01754	1.01754
1.01754	1.01754
1.01754	1.01754
1.01754	1.01754
1.01754	1.01754
1.01754	1.01754
1.01754	1.01754
1.01754	1.01754
1.01754	1.01754
1.01754	1.01754
1.01754	1.01754
1.01754	1.01754
1.01754	1.01754
1.01754	1.01754
1.01754	1.01754
1.01754	1.01754
1.01754	1.01754
1.01754	1.01754
1.01754	1.01754
1.01754	1.01754
1.01754	1.01754
1.01754	1.01754
1.01754	1.01754
1.01754	1.01754
1.01754	1.01754
1.01754	1.01754
1.01754	1.01754
1.01754	1.01754
1.01754	1.01754
1.01754	1.01754
1.01754	1.01754
1.01754	1.01754
1.01754	1.01754
1.01754	1.01754
1.01754	1.01754
1.01754	1.01754
1.01754	1.01754
1.01754	1.01754
1.01754	1.01754
1.01754	1.01754
1.01754	1.01754
1.01754	1.01754
