     -8.6474
    -8.54417
    -8.38858
    -8.33234
    -8.19737
    -8.09795
    -8.02349
    -8.03383
     -7.9944
    -7.93702
    -7.96507
    -7.98399
     -7.9423
    -7.87877
    -7.82789
    -7.79623
    -7.74222
    -7.68338
    -7.71219
    -7.70777
    -7.63798
    -7.61463
    -7.68373
    -7.65233
    -7.61235
    -7.62438
    -7.62336
    -7.61764
    -7.56734
    -7.59199
    -7.58653
    -7.62214
    -7.61016
    -7.68098
    -7.68462
    -7.67796
    -7.62035
     -7.6066
    -7.61914
    -7.62448
     -7.5719
    -7.53746
    -7.58733
    -7.63715
    -7.55028
    -7.53718
     -7.6167
    -7.64469
      -7.537
    -7.53242
    -7.50049
    -7.43663
      -7.483
    -7.55542
    -7.51623
    -7.42975
     -7.3376
     -7.3126
    -7.34443
    -7.34111
    -7.40197
    -7.39751
    -7.34857
    -7.37948
    -7.34585
    -7.31764
     -7.2914
    -7.24164
    -7.20205
    -7.30301
    -7.30396
     -7.3306
      -7.389
     -7.3991
    -7.36574
    -7.37431
    -7.39614
    -7.42731
    -7.44741
    -7.50823
    -7.48903
    -7.50525
    -7.53276
    -7.55754
    -7.56944
    -7.56331
    -7.62009
    -7.65202
    -7.58288
    -7.59604
    -7.54471
    -7.53016
    -7.52462
    -7.47461
    -7.50428
    -7.50758
    -7.47267
    -7.50276
    -7.50553
    -7.54639
    -7.53146
    -7.48235
    -7.58845
    -7.60423
    -7.59199
    -7.58122
    -7.55273
    -7.58947
    -7.58329
    -7.59619
    -7.61514
    -7.61462
    -7.63245
    -7.63137
    -7.59949
     -7.5224
    -7.40009
    -7.42929
    -7.45957
    -7.47947
    -7.46449
    -7.45433
    -7.50901
    -7.59079
    -7.55136
    -7.57505
    -7.58479
    -7.56985
    -7.50993
    -7.54629
    -7.54333
       -7.54
    -7.52563
     -7.5175
    -7.46313
    -7.57099
    -7.66823
    -7.70021
    -7.69423
    -7.60786
     -7.6729
    -7.62185
    -7.63551
    -7.62712
      -7.643
    -7.55031
    -7.44753
    -7.53244
    -7.49017
    -7.50745
    -7.50804
    -7.49182
    -7.50401
     -7.5019
    -7.54863
    -7.63385
    -7.59467
    -7.57308
    -7.47849
    -7.46587
    -7.42666
    -7.37372
    -7.36326
    -7.33004
    -7.42544
    -7.46243
    -7.48552
    -7.50864
    -7.53294
    -7.54869
    -7.49884
    -7.56609
    -7.56988
    -7.52763
    -7.49467
    -7.48132
    -7.52923
    -7.53117
    -7.46915
    -7.48732
    -7.49353
    -7.48839
    -7.52135
    -7.58099
    -7.56112
    -7.59681
    -7.59972
    -7.59192
    -7.56014
    -7.59203
    -7.64957
    -7.64553
    -7.56711
    -7.53858
    -7.57485
    -7.48441
     -7.4791
    -7.46202
    -7.49776
    -7.52572
    -7.51511
    -7.56645
    -7.59972
    -7.68649
    -7.64613
    -7.59282
     -7.5142
    -7.49479
    -7.45717
    -7.43044
    -7.33835
    -7.31037
    -7.35681
    -7.36221
    -7.37655
    -7.46045
    -7.52383
    -7.49165
    -7.55831
    -7.56192
    -7.45355
    -7.43632
    -7.47741
    -7.54318
    -7.49213
    -7.45907
    -7.44658
      -7.379
    -7.36805
    -7.43779
     -7.4381
    -7.48515
    -7.49236
    -7.46455
    -7.48202
      -7.495
    -7.48658
    -7.40203
    -7.35562
    -7.31542
    -7.34611
    -7.39702
    -7.48612
    -7.49051
    -7.56256
    -7.54731
    -7.53756
    -7.52868
    -7.51908
    -7.46495
    -7.40195
    -7.55615
    -7.61664
    -7.60352
    -7.57869
    -7.50808
    -7.53136
    -7.51549
    -7.52574
    -7.52778
    -7.55632
    -7.53102
    -7.57461
    -7.66094
    -7.64279
    -7.68221
    -7.75942
    -7.73511
    -7.70543
    -7.64241
    -7.71067
    -7.68221
    -7.67473
    -7.67506
    -7.61559
    -7.57555
    -7.53119
    -7.44305
    -7.37912
    -7.48266
     -7.4533
    -7.52857
    -7.46154
    -7.45398
    -7.42983
    -7.43758
    -7.47453
    -7.51178
    -7.53669
    -7.51828
    -7.52947
    -7.51736
    -7.53141
    -7.53675
    -7.49855
    -7.55742
    -7.54576
    -7.59628
    -7.61055
     -7.5851
    -7.54304
    -7.52487
    -7.55905
    -7.57621
    -7.57403
    -7.56832
    -7.57674
    -7.49331
    -7.51635
    -7.50423
    -7.51134
    -7.43816
    -7.51995
    -7.53708
    -7.54335
    -7.58542
    -7.51717
    -7.56873
    -7.60943
    -7.67326
    -7.54204
    -7.41509
    -7.47027
    -7.49462
    -7.52544
    -7.48971
    -7.56549
    -7.57034
    -7.57801
    -7.64301
    -7.64608
    -7.57228
    -7.64502
     -7.6883
    -7.66494
    -7.63945
    -7.65674
    -7.72628
    -7.70925
    -7.66581
     -7.7391
    -7.68824
    -7.70299
    -7.74656
    -7.74086
    -7.72388
    -7.83067
     -7.7316
    -7.68583
    -7.74701
    -7.68558
    -7.65476
    -7.61077
     -7.6694
     -7.6417
    -7.68148
    -7.77442
    -7.73332
    -7.59756
    -7.63645
     -7.7193
    -7.73155
     -7.6864
    -7.69222
    -7.66839
    -7.64175
    -7.61039
    -7.65606
    -7.60345
    -7.55427
    -7.50174
    -7.46424
    -7.54231
    -7.58298
    -7.56545
    -7.67587
    -7.64031
     -7.5419
    -7.59633
    -7.63558
    -7.59194
    -7.67378
    -7.71941
    -7.65761
    -7.58462
    -7.59189
    -7.57552
    -7.56818
    -7.59991
    -7.54828
    -7.51224
    -7.61454
    -7.59098
    -7.60643
    -7.54994
    -7.54244
    -7.60636
    -7.63785
    -7.68036
    -7.58091
    -7.59921
    -7.68136
    -7.58703
     -7.6189
    -7.56876
    -7.59969
    -7.58707
    -7.57049
     -7.5341
    -7.56069
    -7.50416
    -7.59937
    -7.63408
    -7.64949
    -7.63061
    -7.63595
    -7.65849
    -7.69276
    -7.69074
    -7.64889
     -7.6216
    -7.59348
    -7.62265
     -7.7337
    -7.67528
    -7.71497
    -7.71254
    -7.69312
    -7.74343
    -7.72173
    -7.66094
    -7.67441
    -7.67726
    -7.66484
    -7.66444
    -7.60938
     -7.5404
    -7.51692
    -7.56405
    -7.60383
    -7.56132
    -7.56394
    -7.63233
     -7.6998
    -7.68991
    -7.63483
    -7.60773
     -7.6247
    -7.59446
    -7.59514
    -7.57589
    -7.57808
    -7.58217
     -7.7037
    -7.73392
    -7.68271
      -7.652
    -7.58387
    -7.59904
    -7.62998
    -7.69418
     -7.7301
    -7.66359
    -7.64392
    -7.56129
    -7.53746
     -7.4996
    -7.54329
    -7.59105
    -7.57287
    -7.58889
    -7.60519
    -7.57356
    -7.61068
    -7.56536
     -7.4676
    -7.52419
    -7.50037
    -7.44188
    -7.45404
    -7.42025
    -7.41675
    -7.45582
    -7.45398
    -7.58617
    -7.62391
    -7.71638
    -7.70923
    -7.66309
    -7.70691
    -7.66332
    -7.67998
     -7.5928
    -7.59961
    -7.55116
    -7.50657
    -7.43904
    -7.41116
    -7.34776
    -7.40167
    -7.37001
    -7.36112
    -7.31369
    -7.41189
    -7.40568
    -7.43738
    -7.43279
    -7.43555
    -7.44759
    -7.44493
     -7.4784
    -7.46749
    -7.36762
    -7.43271
    -7.44848
    -7.43415
    -7.62222
     -7.6583
    -7.66641
    -7.60109
    -7.59176
    -7.56564
    -7.50614
     -7.5896
    -7.56929
    -7.47481
    -7.48598
    -7.43329
    -7.35716
    -7.43098
    -7.53426
    -7.61766
     -7.5892
    -7.65024
    -7.64774
    -7.51394
    -7.46961
    -7.50174
    -7.44132
    -7.40869
    -7.49717
    -7.48931
     -7.4697
    -7.46432
    -7.48158
    -7.47782
    -7.56257
    -7.58639
    -7.59473
    -7.58368
    -7.50339
    -7.58037
    -7.50907
    -7.56522
    -7.54427
    -7.51392
    -7.57574
    -7.54504
    -7.55182
    -7.56895
    -7.54502
     -7.5301
      -7.594
    -7.59464
    -7.62118
    -7.54549
    -7.51573
    -7.50404
    -7.56072
    -7.53364
    -7.51625
    -7.52164
    -7.48856
    -7.52247
    -7.55669
    -7.60403
    -7.66048
    -7.54797
    -7.50202
    -7.63237
    -7.68088
    -7.65984
    -7.67747
    -7.67621
    -7.68024
    -7.68741
    -7.73413
    -7.72115
    -7.77456
     -7.7525
    -7.74741
    -7.75795
    -7.73392
    -7.68999
    -7.63928
    -7.59313
    -7.64676
    -7.67242
    -7.69855
    -7.69075
    -7.65118
    -7.66857
    -7.67527
    -7.62663
    -7.62159
    -7.59962
    -7.51366
    -7.55489
    -7.53663
    -7.57803
    -7.57425
    -7.57334
    -7.53102
    -7.52006
     -7.5641
    -7.58205
    -7.63891
    -7.65135
    -7.67303
    -7.63617
    -7.62504
    -7.62532
    -7.65322
    -7.66622
    -7.70235
    -7.70423
    -7.70765
    -7.68583
    -7.77928
    -7.78708
    -7.75297
    -7.76482
    -7.71021
    -7.70229
    -7.74626
    -7.71633
     -7.6433
    -7.66205
    -7.71795
    -7.65756
    -7.64341
    -7.61788
    -7.61658
    -7.56764
    -7.59141
    -7.57655
    -7.57374
    -7.55304
    -7.50041
    -7.51233
    -7.48921
     -7.5775
     -7.5389
    -7.56529
    -7.65225
    -7.66175
    -7.65876
    -7.64662
    -7.47793
    -7.44729
    -7.42315
     -7.4518
    -7.48793
    -7.53301
    -7.51116
    -7.49384
     -7.4097
    -7.40824
    -7.40606
    -7.35351
    -7.44508
    -7.49703
    -7.40451
    -7.37833
    -7.41326
    -7.39117
    -7.35498
    -7.37999
    -7.42947
    -7.37644
    -7.43965
    -7.34205
    -7.38994
    -7.42809
    -7.47196
    -7.56301
    -7.50976
    -7.39764
    -7.40808
    -7.42022
    -7.50637
    -7.58664
    -7.51658
    -7.55197
     -7.5381
    -7.61397
    -7.59949
    -7.59225
    -7.57255
    -7.54033
    -7.60806
    -7.61706
    -7.58169
    -7.54875
    -7.53331
    -7.61701
    -7.61766
    -7.56024
    -7.57053
    -7.60746
    -7.58634
     -7.6175
    -7.68377
    -7.65473
    -7.61489
    -7.47003
    -7.49922
     -7.5382
     -7.4788
    -7.48806
    -7.45834
    -7.53365
    -7.57272
    -7.60274
    -7.62161
    -7.70513
    -7.69593
    -7.67679
    -7.70694
    -7.68445
     -7.6465
    -7.67822
    -7.58035
    -7.54724
    -7.60239
     -7.5447
    -7.44725
    -7.45594
    -7.43062
    -7.45262
    -7.47818
    -7.45061
    -7.47135
    -7.52722
    -7.46309
    -7.49725
    -7.54609
    -7.48549
     -7.4683
    -7.50178
    -7.50966
    -7.52138
    -7.56155
    -7.56631
    -7.53648
    -7.52508
    -7.42751
    -7.50383
     -7.5193
    -7.49525
    -7.48767
    -7.52136
    -7.56073
    -7.56011
    -7.52265
    -7.56145
    -7.49158
    -7.54577
    -7.65342
    -7.63561
     -7.6022
    -7.52805
     -7.5178
    -7.63313
    -7.61369
    -7.69282
    -7.67347
    -7.62113
    -7.65236
     -7.6327
    -7.62351
    -7.65792
    -7.57086
    -7.61673
    -7.54473
    -7.56296
    -7.49504
    -7.49716
    -7.54307
    -7.61493
    -7.58552
    -7.59316
    -7.57391
    -7.49485
    -7.54908
    -7.59555
    -7.59125
    -7.63146
    -7.61933
      -7.558
    -7.50942
    -7.48948
    -7.52978
    -7.51121
    -7.60227
    -7.56294
    -7.60547
    -7.52092
    -7.48405
    -7.48457
    -7.48981
    -7.54657
     -7.5509
    -7.59105
    -7.61816
    -7.59743
    -7.59397
    -7.62649
    -7.61636
    -7.58683
    -7.62224
     -7.5802
    -7.55009
    -7.49481
    -7.52993
    -7.57275
    -7.55404
    -7.55948
    -7.54351
    -7.62819
     -7.5621
    -7.59828
    -7.57708
    -7.64565
    -7.63744
    -7.67015
    -7.73209
    -7.71844
     -7.7205
    -7.70921
    -7.71938
    -7.67342
    -7.70356
    -7.68719
    -7.73356
    -7.65664
    -7.67226
    -7.58021
     -7.5806
    -7.50336
    -7.50236
    -7.54949
    -7.47793
    -7.52674
    -7.57714
     -7.4669
    -7.47704
    -7.52518
    -7.47188
    -7.47594
      -7.553
    -7.55345
    -7.52804
    -7.44936
    -7.41185
    -7.44135
    -7.50364
    -7.48226
    -7.53879
    -7.63567
    -7.61293
    -7.64889
    -7.55913
    -7.54003
     -7.5882
    -7.55385
    -7.62461
     -7.6041
     -7.6191
    -7.64116
    -7.62748
    -7.67484
    -7.68882
    -7.64227
    -7.54264
    -7.52063
    -7.52326
    -7.53754
    -7.46153
    -7.46756
    -7.49159
    -7.54797
    -7.48165
    -7.60869
    -7.56783
    -7.59409
    -7.55358
    -7.55446
    -7.57594
    -7.57028
    -7.52622
     -7.6111
    -7.60234
    -7.59301
    -7.64652
    -7.68904
     -7.7304
    -7.77138
    -7.70878
    -7.69982
     -7.7373
    -7.69531
    -7.68605
    -7.63643
    -7.61525
    -7.64277
    -7.60112
    -7.64811
     -7.6586
    -7.64739
    -7.71393
    -7.68965
     -7.6815
    -7.68098
    -7.64274
    -7.67486
    -7.70946
      -7.733
    -7.68762
    -7.62607
    -7.61823
    -7.59259
    -7.63861
      -7.629
     -7.5554
    -7.59622
    -7.55276
    -7.54432
    -7.50913
    -7.51483
     -7.4615
    -7.39714
    -7.39448
    -7.38559
    -7.39296
    -7.41859
    -7.39422
    -7.32931
    -7.32057
    -7.32006
    -7.29772
    -7.35524
    -7.41985
    -7.31172
    -7.34546
    -7.43598
    -7.47414
    -7.41764
    -7.37392
     -7.3708
    -7.39704
    -7.42382
    -7.39865
    -7.40713
    -7.37585
    -7.28657
    -7.30745
    -7.37016
    -7.41875
    -7.42481
    -7.45723
    -7.41397
    -7.39151
    -7.35182
    -7.35734
    -7.36535
    -7.39002
    -7.36709
    -7.32188
    -7.35893
    -7.45003
    -7.35949
    -7.31198
    -7.33501
    -7.24853
    -7.32477
     -7.3821
    -7.39996
    -7.47716
    -7.41909
    -7.44539
     -7.4344
     -7.4558
    -7.46659
    -7.52046
    -7.50132
    -7.57181
    -7.56591
    -7.54301
      -7.559
    -7.57072
    -7.55968
    -7.54804
    -7.50965
     -7.5217
    -7.48904
    -7.45745
    -7.47324
    -7.49264
    -7.45459
    -7.51514
    -7.51224
    -7.53435
    -7.55627
    -7.51544
    -7.56684
    -7.53859
    -7.60021
    -7.59474
    -7.54733
    -7.51721
    -7.48204
    -7.49305
    -7.50956
     -7.3836
    -7.45169
    -7.46369
    -7.42597
    -7.43815
    -7.57581
    -7.55085
    -7.59524
    -7.54895
    -7.55571
    -7.48514
    -7.47461
     -7.5356
    -7.51327
    -7.52177
    -7.60123
    -7.61265
    -7.58215
     -7.5794
    -7.53856
    -7.56946
    -7.58725
    -7.60626
    -7.59751
    -7.58779
    -7.49132
    -7.45869
    -7.45558
    -7.47897
    -7.55396
    -7.52889
    -7.48711
    -7.48571
    -7.45428
    -7.35492
    -7.38799
    -7.35828
     -7.3353
    -7.31002
    -7.41376
      -7.474
    -7.46237
    -7.49322
    -7.38766
    -7.36717
    -7.45401
    -7.47651
    -7.38938
    -7.40641
    -7.49612
     -7.4578
    -7.45533
     -7.4325
    -7.47297
    -7.47884
    -7.45349
    -7.45027
    -7.43731
    -7.45023
    -7.42394
     -7.4457
    -7.50267
    -7.47064
    -7.46627
     -7.3748
    -7.42216
      -7.515
    -7.48918
    -7.46732
    -7.50942
    -7.50402
    -7.51649
    -7.48768
    -7.42037
    -7.33203
    -7.42874
    -7.44721
        -7.5
    -7.44817
    -7.38293
    -7.37941
    -7.43841
    -7.43593
    -7.44636
    -7.43465
    -7.48936
    -7.52606
    -7.58294
    -7.62225
    -7.63702
    -7.60575
     -7.5568
    -7.51539
    -7.54661
    -7.53226
    -7.47352
    -7.48671
    -7.48308
    -7.57172
    -7.58179
    -7.55454
    -7.62446
    -7.50498
    -7.55363
    -7.49536
     -7.4819
    -7.51466
    -7.48924
    -7.43708
    -7.42563
    -7.34554
    -7.37687
    -7.46365
    -7.42249
    -7.47906
    -7.44765
     -7.3676
    -7.40641
    -7.43799
    -7.33487
    -7.40622
    -7.38931
    -7.40696
    -7.38744
    -7.41927
    -7.44779
    -7.51099
    -7.57046
    -7.63964
    -7.58802
    -7.56914
    -7.52178
    -7.47463
    -7.51015
    -7.54558
    -7.57435
    -7.52987
    -7.47063
    -7.52242
    -7.53241
    -7.44876
    -7.44328
    -7.45741
     -7.4742
    -7.35561
    -7.42026
    -7.35693
    -7.28531
    -7.32249
    -7.35207
    -7.35908
    -7.40855
    -7.47955
    -7.58092
    -7.54826
    -7.58057
    -7.57683
    -7.61564
    -7.61254
    -7.60109
    -7.58988
    -7.56775
    -7.47467
    -7.44174
    -7.42402
    -7.44185
     -7.4397
    -7.43948
    -7.52097
    -7.53936
    -7.45567
     -7.4671
    -7.48718
    -7.46476
     -7.5632
    -7.52585
    -7.58804
    -7.59776
    -7.46091
    -7.46335
    -7.43396
     -7.4886
    -7.47643
    -7.44225
    -7.41743
     -7.3887
    -7.45409
    -7.43265
     -7.3832
    -7.50545
    -7.53711
     -7.5524
     -7.5428
    -7.46536
    -7.50628
    -7.48802
    -7.48214
    -7.53463
    -7.54892
    -7.54406
    -7.53969
    -7.48213
    -7.50591
    -7.53755
    -7.58448
    -7.55467
    -7.56942
    -7.56313
    -7.49567
    -7.50343
    -7.51808
     -7.5338
    -7.48818
    -7.53403
    -7.48666
    -7.52581
     -7.5111
    -7.49155
    -7.50102
    -7.46997
    -7.56701
    -7.47378
    -7.46665
     -7.5458
    -7.63849
    -7.61875
    -7.52989
    -7.49976
    -7.56666
    -7.58877
    -7.66516
    -7.60018
    -7.60619
    -7.54602
    -7.59108
    -7.61429
    -7.66376
    -7.63806
    -7.62869
    -7.59514
    -7.63208
     -7.5424
    -7.59768
    -7.58869
    -7.54527
    -7.55721
    -7.55827
    -7.60419
    -7.63395
    -7.61444
    -7.57548
    -7.57426
    -7.59662
    -7.64276
    -7.68725
    -7.60126
    -7.57636
    -7.59788
    -7.63591
    -7.63207
    -7.70886
    -7.79417
    -7.72362
    -7.67914
    -7.64594
    -7.65398
    -7.66776
     -7.6499
    -7.56742
    -7.55677
    -7.58094
    -7.55806
    -7.59582
    -7.54172
    -7.50274
    -7.54844
    -7.60895
     -7.5716
    -7.50292
    -7.43576
    -7.45897
    -7.47912
    -7.53942
    -7.56514
    -7.56122
    -7.49318
    -7.44702
    -7.44857
    -7.40513
    -7.38667
    -7.41831
    -7.45653
    -7.48513
    -7.49439
     -7.5353
    -7.45864
    -7.51426
    -7.61076
    -7.58385
    -7.59286
    -7.56898
    -7.57785
    -7.55925
    -7.46874
    -7.52832
    -7.47293
    -7.44997
    -7.49663
    -7.52308
    -7.51955
    -7.55316
    -7.57534
      -7.575
    -7.55057
    -7.59057
    -7.67336
    -7.65237
    -7.67472
    -7.67688
    -7.59517
    -7.56447
    -7.58773
    -7.61616
    -7.61875
    -7.59893
    -7.54799
    -7.57002
     -7.5505
    -7.57177
     -7.5087
    -7.52454
    -7.63046
    -7.65651
      -7.553
    -7.55139
    -7.54548
    -7.45324
    -7.56466
    -7.54522
    -7.50093
    -7.52958
    -7.48858
     -7.4951
      -7.585
    -7.58337
     -7.6826
    -7.70089
    -7.63509
    -7.54028
    -7.53336
    -7.57605
    -7.58327
    -7.50514
    -7.48431
    -7.51285
    -7.58258
    -7.56109
    -7.61345
    -7.61461
    -7.55119
    -7.57537
    -7.57039
    -7.50882
    -7.52484
    -7.58046
    -7.54519
    -7.52468
    -7.53671
    -7.52721
    -7.60195
    -7.59062
    -7.56069
    -7.50805
    -7.57107
    -7.63359
    -7.71186
    -7.80057
    -7.74892
     -7.6098
    -7.51923
    -7.60797
    -7.57877
    -7.55967
    -7.48677
    -7.47408
    -7.55338
    -7.51112
    -7.49334
    -7.53774
    -7.44208
     -7.4253
    -7.51742
    -7.59163
    -7.58674
    -7.57299
    -7.55729
    -7.51287
    -7.52388
    -7.58714
    -7.49818
    -7.45819
    -7.48156
     -7.5083
     -7.5414
    -7.52226
     -7.5387
    -7.56716
    -7.57374
    -7.56166
    -7.55205
    -7.51197
    -7.43281
    -7.46667
    -7.43497
    -7.44569
    -7.44798
    -7.41072
       -7.51
    -7.54835
    -7.58265
     -7.5496
    -7.57263
    -7.54794
    -7.48544
    -7.47954
    -7.46738
    -7.49259
    -7.44207
    -7.40308
    -7.38034
     -7.4069
    -7.41666
    -7.38827
    -7.51302
    -7.48785
    -7.47065
    -7.50318
    -7.53629
    -7.53322
     -7.5673
    -7.54756
    -7.52802
    -7.53932
    -7.53262
    -7.51584
    -7.47732
    -7.56756
    -7.52435
    -7.53399
    -7.52606
    -7.54937
    -7.53461
    -7.52846
    -7.45433
    -7.51314
    -7.56627
    -7.56159
    -7.56167
    -7.49735
    -7.56762
    -7.61504
    -7.59951
     -7.6245
    -7.55122
    -7.56369
    -7.60279
    -7.63849
    -7.66651
     -7.5759
    -7.58698
    -7.65526
     -7.6065
    -7.68077
    -7.65066
     -7.7317
    -7.62824
    -7.66322
    -7.51235
     -7.4385
    -7.38078
    -7.37684
      -7.376
    -7.41819
    -7.45658
    -7.43855
     -7.4419
    -7.47901
    -7.50444
    -7.48392
    -7.45696
    -7.43477
    -7.46136
    -7.49138
    -7.38675
     -7.3844
    -7.46811
    -7.48522
    -7.45109
    -7.45744
    -7.39786
    -7.44753
    -7.44546
    -7.46921
    -7.44273
    -7.44305
    -7.46674
    -7.52422
    -7.55125
    -7.52303
      -7.546
    -7.54884
    -7.62739
    -7.59599
    -7.67166
    -7.67846
     -7.6371
    -7.70427
    -7.61379
    -7.51089
    -7.58311
    -7.55478
    -7.55815
    -7.50004
    -7.42132
     -7.4732
    -7.50719
    -7.46883
    -7.42928
    -7.48851
    -7.47365
    -7.37258
    -7.36711
    -7.33604
    -7.35103
    -7.39166
    -7.38555
    -7.39462
    -7.37524
    -7.40858
    -7.43876
    -7.48362
    -7.48528
    -7.59377
    -7.62392
    -7.61044
    -7.61938
    -7.57829
    -7.54718
    -7.55146
    -7.54814
    -7.63088
    -7.64924
    -7.70431
    -7.61203
    -7.61962
    -7.64086
    -7.59119
    -7.54578
    -7.45963
    -7.45394
    -7.53037
    -7.57335
    -7.56265
    -7.50973
    -7.51322
    -7.49097
    -7.47405
    -7.49012
     -7.5175
    -7.55546
    -7.48199
    -7.49339
     -7.5187
    -7.53675
    -7.53858
    -7.59852
    -7.60573
    -7.65456
    -7.65517
     -7.6822
    -7.67185
    -7.67312
    -7.66565
    -7.70555
    -7.67129
     -7.7305
    -7.75928
     -7.7655
    -7.73608
    -7.69374
    -7.60935
    -7.57212
    -7.57629
    -7.60227
    -7.51579
    -7.48613
    -7.50507
    -7.50884
    -7.53539
    -7.54194
    -7.60442
    -7.55825
     -7.5626
    -7.60851
    -7.58006
    -7.64336
    -7.62257
    -7.66422
    -7.60807
    -7.65058
    -7.56564
     -7.5729
    -7.53284
    -7.52249
    -7.47159
    -7.51979
    -7.54808
    -7.45462
     -7.4933
    -7.55444
    -7.54604
    -7.54282
    -7.49893
    -7.48845
    -7.47252
    -7.51788
    -7.54514
    -7.58748
     -7.5761
    -7.57145
     -7.5629
     -7.6155
    -7.55082
    -7.51488
    -7.50392
    -7.41826
    -7.41795
    -7.38076
    -7.48006
    -7.49971
     -7.4483
    -7.49708
    -7.49918
    -7.50862
    -7.55128
    -7.51892
    -7.47578
    -7.53575
    -7.58789
    -7.63812
    -7.61826
    -7.63214
    -7.58366
    -7.63059
    -7.68601
    -7.63493
    -7.64546
    -7.72268
    -7.67416
    -7.67184
    -7.74467
     -7.7467
    -7.71631
    -7.65825
    -7.57077
    -7.59125
    -7.57231
    -7.52291
    -7.51342
    -7.50088
    -7.45639
    -7.44922
    -7.54361
    -7.51775
    -7.56177
    -7.54342
    -7.52685
    -7.47379
    -7.51001
    -7.49876
    -7.50938
    -7.45891
    -7.49162
    -7.52428
    -7.53383
    -7.49735
    -7.53963
    -7.53828
    -7.56528
    -7.51512
    -7.49819
    -7.56367
    -7.54107
    -7.61323
    -7.53587
    -7.53674
     -7.5824
    -7.58651
    -7.55035
    -7.59118
    -7.55103
    -7.60872
    -7.58526
    -7.52548
    -7.49951
    -7.49901
    -7.57239
    -7.51116
    -7.61077
    -7.64507
    -7.69539
    -7.73011
    -7.69178
    -7.65973
    -7.63395
    -7.67693
    -7.66481
    -7.67143
    -7.64627
    -7.60104
     -7.5953
    -7.62483
    -7.62889
    -7.71613
    -7.66236
    -7.66297
    -7.57873
    -7.60922
    -7.58812
    -7.53616
    -7.56182
    -7.62905
    -7.63513
    -7.73037
    -7.72424
    -7.68031
    -7.74256
    -7.72858
    -7.63672
    -7.62042
    -7.59382
    -7.53858
    -7.47845
    -7.47264
     -7.4899
    -7.48191
    -7.56678
    -7.58223
    -7.52592
    -7.58366
    -7.57393
    -7.47308
    -7.51917
    -7.52213
    -7.51053
     -7.5238
    -7.49377
    -7.52552
    -7.51002
    -7.45046
    -7.52457
     -7.4557
    -7.48325
      -7.532
    -7.51263
    -7.52523
    -7.61313
    -7.55919
    -7.56864
    -7.57348
    -7.56486
    -7.54652
    -7.54105
    -7.55441
    -7.59076
    -7.57995
    -7.59935
    -7.60696
    -7.55367
    -7.55526
    -7.52334
    -7.57491
    -7.54609
    -7.50571
     -7.5746
    -7.54908
    -7.53113
    -7.51938
    -7.52393
    -7.49551
    -7.46615
    -7.47645
    -7.48446
    -7.48439
    -7.56378
    -7.54359
    -7.55859
    -7.62081
    -7.56325
    -7.56533
    -7.60631
    -7.68117
    -7.67796
     -7.6325
    -7.62949
     -7.6707
    -7.61441
     -7.6469
    -7.66835
     -7.6192
    -7.61278
    -7.67631
    -7.72208
    -7.71918
     -7.7378
    -7.72565
    -7.68139
    -7.62632
    -7.65799
    -7.63929
    -7.65902
    -7.68521
    -7.62886
    -7.60467
    -7.55529
     -7.4747
    -7.62688
    -7.56219
     -7.6018
    -7.57413
    -7.47509
     -7.5212
    -7.53431
    -7.50825
    -7.57563
    -7.59226
    -7.68219
    -7.65577
    -7.64599
    -7.66971
    -7.67729
    -7.57496
    -7.58191
    -7.54037
    -7.51966
     -7.5505
    -7.54362
    -7.52462
    -7.49647
    -7.42604
    -7.44311
    -7.39089
    -7.39985
    -7.37096
    -7.39809
    -7.52251
    -7.56964
    -7.57473
    -7.59887
    -7.52623
    -7.55435
    -7.60103
    -7.60048
    -7.60465
    -7.58066
    -7.49013
    -7.43858
    -7.48519
    -7.52757
    -7.50502
    -7.46629
    -7.38617
    -7.42875
    -7.43803
    -7.43126
    -7.38754
    -7.35416
    -7.25825
    -7.32126
    -7.29319
    -7.30709
    -7.44126
    -7.41877
    -7.46125
    -7.45029
    -7.47345
    -7.48153
    -7.37093
    -7.51776
    -7.57672
    -7.53604
    -7.56729
     -7.4899
    -7.44187
    -7.45936
    -7.48328
    -7.48052
    -7.55778
    -7.54629
    -7.54622
    -7.55592
    -7.59074
    -7.56227
    -7.58887
    -7.55541
    -7.45421
    -7.41655
    -7.40449
    -7.37666
    -7.41347
    -7.36785
    -7.37312
    -7.30993
     -7.3931
     -7.3748
    -7.44051
    -7.52148
    -7.51545
    -7.50481
    -7.50414
    -7.52103
    -7.46133
    -7.42639
    -7.44492
    -7.52518
     -7.5692
    -7.50192
    -7.47288
    -7.46336
     -7.4436
    -7.44975
    -7.48129
    -7.61489
    -7.63911
     -7.6417
    -7.65643
     -7.6258
    -7.63486
    -7.68188
    -7.66372
    -7.66339
    -7.61533
    -7.63256
    -7.56379
    -7.57558
    -7.63121
    -7.58851
    -7.64756
    -7.65927
    -7.65793
    -7.74072
    -7.64617
    -7.59452
    -7.54286
    -7.54125
    -7.57465
    -7.60666
    -7.59561
    -7.56566
     -7.5587
    -7.57332
    -7.54819
    -7.56973
    -7.53008
    -7.58425
    -7.58103
     -7.5881
    -7.49061
    -7.61471
    -7.67437
    -7.66052
    -7.64012
    -7.65941
    -7.65803
     -7.6333
    -7.64183
    -7.64018
    -7.68062
       -7.71
    -7.75912
     -7.7038
    -7.65512
    -7.67444
    -7.58095
    -7.54695
     -7.6216
    -7.61877
    -7.67477
    -7.66246
    -7.66889
    -7.64653
    -7.62214
     -7.6123
    -7.56376
    -7.59389
    -7.55633
    -7.54902
    -7.54844
    -7.55123
    -7.55537
    -7.57483
    -7.55193
    -7.59156
    -7.53835
    -7.59864
    -7.64072
    -7.59065
    -7.60875
     -7.5961
    -7.53968
    -7.57776
    -7.58611
    -7.60952
    -7.63432
    -7.66289
    -7.65137
    -7.64169
    -7.69399
    -7.57118
    -7.63114
    -7.58934
    -7.53428
    -7.57019
     -7.5959
    -7.59519
    -7.61408
    -7.60767
    -7.60472
    -7.59973
    -7.62063
    -7.60278
    -7.60291
    -7.54144
    -7.53571
    -7.56436
    -7.62906
    -7.60654
    -7.65625
    -7.63525
    -7.59114
    -7.62961
    -7.54482
     -7.5771
    -7.49569
     -7.5154
     -7.3967
    -7.47729
    -7.50952
    -7.50153
    -7.53477
      -7.526
    -7.45903
    -7.45422
    -7.39324
    -7.43327
    -7.35512
    -7.39012
    -7.44624
    -7.52358
    -7.47551
    -7.50599
    -7.49467
      -7.457
    -7.42717
     -7.4618
    -7.40479
    -7.36035
    -7.35536
    -7.44257
    -7.47897
    -7.51675
    -7.52478
    -7.54192
    -7.64466
    -7.62858
    -7.67182
    -7.65611
    -7.63227
    -7.62104
    -7.66522
    -7.72819
    -7.66983
    -7.63193
    -7.63177
    -7.59325
    -7.58983
     -7.6159
    -7.57928
    -7.61742
    -7.65407
    -7.53084
    -7.47981
    -7.50412
    -7.49023
    -7.50035
     -7.4105
    -7.39992
    -7.52773
    -7.55183
    -7.59092
    -7.58779
    -7.61657
    -7.51361
    -7.54938
    -7.49534
     -7.4761
    -7.42537
    -7.43088
    -7.47671
    -7.50122
    -7.54638
    -7.51413
    -7.57594
      -7.659
    -7.62277
    -7.59673
    -7.59439
     -7.6251
    -7.62301
    -7.52198
    -7.63407
    -7.61659
    -7.68773
    -7.68793
    -7.60054
    -7.60497
    -7.52349
    -7.48941
    -7.38251
    -7.44583
    -7.45272
    -7.43418
    -7.35941
    -7.37707
    -7.36734
    -7.46242
    -7.46562
    -7.46565
    -7.45374
    -7.53223
    -7.47437
    -7.49899
    -7.44043
    -7.35603
    -7.36961
    -7.41111
    -7.41896
    -7.50375
    -7.58708
    -7.53962
    -7.54824
    -7.52506
    -7.50447
    -7.46892
    -7.48456
    -7.56471
    -7.64431
    -7.68102
    -7.63768
    -7.57232
     -7.5543
    -7.53277
    -7.61971
    -7.64913
    -7.61237
    -7.61973
    -7.52011
    -7.50599
    -7.51972
    -7.55065
     -7.6052
     -7.5572
     -7.6488
     -7.7087
    -7.70057
    -7.68555
    -7.66666
    -7.66584
    -7.64389
    -7.64858
    -7.68442
    -7.61695
    -7.62053
    -7.67047
    -7.65454
    -7.63219
    -7.63719
    -7.65156
    -7.60651
    -7.42216
    -7.45424
     -7.4376
    -7.42746
    -7.43251
    -7.34006
    -7.38828
    -7.45118
    -7.51744
    -7.55116
    -7.60285
    -7.60581
    -7.56086
    -7.58574
    -7.50371
    -7.51662
    -7.49693
    -7.54923
    -7.51577
    -7.49477
    -7.48986
    -7.43892
    -7.49383
    -7.45696
    -7.44411
     -7.4803
    -7.54272
    -7.53563
    -7.47817
    -7.48238
     -7.5177
    -7.49035
    -7.61868
    -7.62583
    -7.61216
    -7.57104
    -7.61551
    -7.59622
    -7.57139
    -7.60019
    -7.58391
    -7.56728
      -7.528
    -7.43773
    -7.47632
    -7.39895
     -7.4436
    -7.49393
    -7.48262
    -7.53397
    -7.48909
    -7.51383
    -7.49908
    -7.48135
    -7.52362
    -7.57617
    -7.54828
    -7.56198
     -7.6242
     -7.5643
    -7.53819
    -7.62484
    -7.59717
    -7.57314
    -7.63802
    -7.65869
     -7.5912
     -7.6182
    -7.64527
    -7.67271
    -7.71325
    -7.63861
    -7.60907
    -7.63012
    -7.58602
     -7.5775
    -7.55789
    -7.46363
    -7.55067
    -7.57604
    -7.60373
    -7.58823
    -7.64907
    -7.65811
    -7.61587
    -7.60335
     -7.4915
    -7.54575
    -7.61749
    -7.56042
    -7.59736
     -7.5963
    -7.58555
    -7.57003
    -7.61126
    -7.65742
    -7.64489
     -7.6102
    -7.55907
    -7.54012
    -7.50259
    -7.56867
    -7.53403
    -7.55248
    -7.50078
    -7.46147
    -7.39393
    -7.42487
    -7.45629
    -7.42586
    -7.56535
    -7.56571
    -7.51784
    -7.61485
    -7.49286
    -7.50299
    -7.50222
    -7.49599
    -7.55188
    -7.59267
    -7.57646
    -7.49911
    -7.47796
    -7.53016
    -7.51509
    -7.44362
    -7.47229
    -7.53095
    -7.49575
    -7.56262
    -7.62784
    -7.65585
    -7.59141
    -7.54859
    -7.52425
    -7.57166
    -7.53116
    -7.55467
    -7.57372
    -7.61302
    -7.62427
    -7.59504
    -7.51444
    -7.58767
    -7.54684
    -7.61074
    -7.61139
    -7.61442
    -7.60499
    -7.62608
    -7.55732
    -7.57093
    -7.45645
    -7.51156
    -7.55985
    -7.57507
    -7.57197
    -7.48874
    -7.46662
    -7.54248
    -7.56004
    -7.58506
    -7.59806
    -7.58007
    -7.60635
    -7.59086
    -7.59909
    -7.56587
    -7.58399
    -7.58427
    -7.62432
    -7.62779
    -7.55425
    -7.59842
     -7.5252
    -7.52074
    -7.53008
    -7.62916
    -7.59324
    -7.52495
    -7.48404
    -7.51687
    -7.59197
    -7.47778
     -7.5244
     -7.5021
    -7.59557
    -7.63563
    -7.60942
    -7.63894
    -7.56129
    -7.61517
    -7.66653
    -7.63262
    -7.63623
    -7.60095
    -7.60983
    -7.57122
    -7.62215
    -7.57829
    -7.62823
    -7.64515
    -7.66852
    -7.70074
    -7.63438
    -7.58221
    -7.52663
    -7.54552
    -7.64821
    -7.62997
    -7.55775
    -7.50977
    -7.55565
    -7.61662
     -7.5943
    -7.49713
    -7.54057
    -7.59529
    -7.61901
    -7.56155
    -7.57023
    -7.52553
    -7.51056
    -7.50862
    -7.59366
    -7.57046
    -7.57608
    -7.55894
    -7.65344
     -7.6191
    -7.62852
    -7.57071
    -7.59352
    -7.60245
    -7.65666
    -7.63046
    -7.62937
    -7.61997
    -7.55888
    -7.54628
    -7.55928
    -7.55578
    -7.51947
    -7.51295
    -7.57626
    -7.63271
    -7.60158
    -7.60594
    -7.66535
     -7.7139
    -7.65843
    -7.62416
    -7.70198
    -7.74309
       -7.72
    -7.70101
    -7.61918
    -7.57702
    -7.55761
    -7.59582
    -7.60021
    -7.56437
    -7.56678
    -7.60316
    -7.57583
    -7.57899
    -7.59994
    -7.60675
    -7.59105
    -7.54708
    -7.56751
    -7.56538
    -7.60208
    -7.60769
    -7.58781
    -7.52453
    -7.50051
    -7.41401
    -7.39838
    -7.47183
    -7.41381
    -7.51988
    -7.50396
     -7.5431
    -7.45508
    -7.55753
    -7.53332
    -7.55994
    -7.56936
    -7.52831
    -7.51739
    -7.50309
    -7.44463
    -7.43309
    -7.42802
    -7.51366
    -7.49432
    -7.55241
    -7.53621
    -7.55458
    -7.51856
    -7.54036
    -7.60478
    -7.63903
    -7.60647
    -7.63491
    -7.58638
    -7.59922
    -7.61767
    -7.74171
    -7.71308
    -7.61841
    -7.53901
    -7.56623
    -7.57721
    -7.56677
     -7.5928
     -7.5677
    -7.62116
    -7.60883
    -7.60267
    -7.61158
     -7.5529
    -7.61769
    -7.58555
     -7.6093
    -7.47286
     -7.4682
     -7.5239
    -7.50805
    -7.48754
     -7.4668
    -7.52613
    -7.55643
    -7.53741
    -7.53982
     -7.5952
    -7.56624
    -7.53709
     -7.5485
      -7.518
    -7.57423
    -7.55778
    -7.58076
     -7.5759
    -7.52886
    -7.50806
    -7.47234
    -7.40386
    -7.40124
    -7.39842
     -7.4824
    -7.56203
    -7.53834
    -7.51585
    -7.49764
    -7.48433
    -7.53167
     -7.5782
    -7.60044
    -7.48264
    -7.48447
    -7.48482
    -7.54796
    -7.53832
     -7.5453
    -7.50136
     -7.4823
    -7.55864
    -7.45583
    -7.44489
    -7.39882
    -7.38864
    -7.41441
    -7.37139
    -7.42129
    -7.47464
    -7.49742
    -7.49141
    -7.51437
    -7.55518
    -7.55089
    -7.54967
    -7.49224
    -7.42205
    -7.39131
    -7.40288
    -7.37824
    -7.34174
    -7.37878
    -7.46421
    -7.48915
    -7.45138
    -7.50768
    -7.51451
    -7.55904
    -7.54701
    -7.57644
    -7.51246
    -7.56274
    -7.47156
    -7.44687
    -7.45503
    -7.49541
    -7.48453
    -7.45123
    -7.52583
    -7.54459
    -7.50016
    -7.51319
    -7.55412
    -7.54904
    -7.55007
    -7.53002
    -7.45869
    -7.48432
    -7.51041
    -7.45803
    -7.48065
    -7.48915
    -7.44597
    -7.44358
    -7.41592
    -7.50232
    -7.54266
    -7.55705
     -7.5128
    -7.51992
    -7.43974
     -7.4426
    -7.47821
    -7.44528
    -7.56736
    -7.50186
      -7.496
    -7.51082
    -7.49171
    -7.53938
    -7.59831
    -7.58105
    -7.66184
    -7.68072
    -7.66288
    -7.69662
    -7.63111
    -7.64809
    -7.66475
    -7.66651
    -7.62056
    -7.53778
    -7.48296
    -7.56993
    -7.56266
    -7.61504
    -7.70428
    -7.73637
    -7.76869
    -7.80846
     -7.7525
     -7.7228
    -7.69817
    -7.67812
    -7.68173
    -7.70951
    -7.63878
     -7.5877
    -7.65817
    -7.62111
    -7.64388
    -7.65448
    -7.58875
    -7.56981
    -7.58389
    -7.62567
    -7.60669
    -7.54483
    -7.53145
    -7.47087
    -7.50041
     -7.5011
    -7.47652
    -7.50307
    -7.56391
    -7.58462
    -7.63388
    -7.54491
    -7.63419
    -7.69856
    -7.65572
    -7.63741
    -7.68667
    -7.60446
    -7.62116
    -7.55965
       -7.53
    -7.45046
    -7.41346
    -7.37223
    -7.42701
    -7.46816
    -7.40246
    -7.36758
    -7.42783
    -7.44604
     -7.4919
    -7.54178
    -7.59188
    -7.61041
    -7.60321
    -7.57258
    -7.56904
     -7.5056
    -7.47043
    -7.57064
    -7.62647
    -7.61885
    -7.58205
    -7.67219
    -7.67724
    -7.72158
    -7.70281
    -7.73243
    -7.62536
    -7.59302
    -7.60994
    -7.64952
    -7.67396
    -7.59568
     -7.6292
    -7.61179
    -7.65245
    -7.59757
    -7.55768
    -7.60248
    -7.51393
    -7.52877
    -7.51429
    -7.53913
    -7.43285
    -7.48209
    -7.50496
    -7.48738
    -7.52828
     -7.4228
     -7.4195
    -7.46142
    -7.42311
    -7.35525
    -7.44393
    -7.46623
     -7.3901
    -7.44629
    -7.39916
    -7.43553
    -7.43322
    -7.41028
    -7.37379
    -7.40452
     -7.4767
    -7.49052
    -7.51938
    -7.64192
    -7.61435
    -7.59912
    -7.54469
    -7.55146
     -7.5774
    -7.54149
    -7.54691
    -7.57796
    -7.56812
    -7.52657
    -7.51288
    -7.40504
      -7.396
    -7.42386
    -7.44321
    -7.44802
    -7.45661
    -7.45687
    -7.47857
    -7.47798
    -7.52078
     -7.4925
    -7.47208
    -7.42178
    -7.50014
    -7.58364
    -7.61602
    -7.57291
    -7.63087
    -7.63379
    -7.62084
    -7.58277
    -7.60322
    -7.59086
    -7.60153
    -7.50987
    -7.55616
    -7.56505
    -7.54374
    -7.51747
    -7.51175
    -7.50737
    -7.57937
    -7.57022
    -7.55826
    -7.59544
    -7.62825
    -7.61146
      -7.625
    -7.55911
    -7.57521
    -7.59756
     -7.5782
    -7.52665
    -7.53163
     -7.5852
    -7.60073
    -7.51768
    -7.51814
    -7.51064
    -7.61352
    -7.51559
    -7.56522
    -7.54553
    -7.56375
    -7.60347
    -7.63411
    -7.60423
    -7.63708
     -7.6449
    -7.61664
    -7.62476
    -7.55783
    -7.61097
    -7.62684
    -7.62621
    -7.54636
     -7.4439
    -7.41803
    -7.40445
    -7.46044
    -7.46361
    -7.50737
    -7.46295
    -7.51229
    -7.55673
    -7.58728
    -7.58768
      -7.517
    -7.55524
    -7.54389
    -7.57366
    -7.58803
    -7.62064
    -7.62931
    -7.66181
    -7.56962
    -7.66427
    -7.62317
    -7.61935
    -7.71651
    -7.64948
    -7.68197
    -7.64813
    -7.68669
     -7.7057
    -7.70883
    -7.75906
    -7.76002
    -7.78089
    -7.71968
    -7.68147
    -7.63257
    -7.63484
    -7.63821
    -7.62931
    -7.64817
    -7.63305
    -7.66795
    -7.57397
     -7.6434
    -7.62946
    -7.59955
    -7.55865
    -7.56359
    -7.61158
    -7.61239
    -7.52087
     -7.5795
     -7.5714
    -7.56405
    -7.49069
    -7.38491
    -7.50342
    -7.56281
    -7.59014
    -7.61012
    -7.60013
    -7.64829
    -7.62838
    -7.65365
    -7.60708
    -7.61392
    -7.63704
    -7.67162
    -7.63439
    -7.64821
    -7.63758
    -7.62166
    -7.59413
    -7.61148
    -7.58154
    -7.55767
    -7.51174
    -7.54758
    -7.43737
    -7.41062
    -7.57347
    -7.58685
    -7.55851
    -7.56587
    -7.51157
     -7.4507
    -7.43472
    -7.48232
    -7.49798
    -7.49218
    -7.52078
     -7.5168
    -7.51989
    -7.47766
    -7.46026
    -7.48107
    -7.36868
    -7.38928
    -7.47751
    -7.49431
     -7.4876
    -7.53656
    -7.47117
    -7.51113
    -7.52074
    -7.60157
    -7.62834
    -7.63374
    -7.62539
    -7.60921
    -7.58705
    -7.60937
    -7.54163
    -7.60435
    -7.62139
    -7.61254
    -7.57588
    -7.55832
    -7.52285
    -7.54762
    -7.56714
    -7.53794
     -7.4173
    -7.40999
     -7.4113
    -7.51255
    -7.51998
    -7.55233
    -7.55965
    -7.50008
    -7.55329
    -7.51138
    -7.42716
    -7.42094
    -7.41795
    -7.35721
    -7.36783
      -7.393
    -7.45512
    -7.44158
    -7.39567
    -7.46355
    -7.47225
    -7.49751
    -7.43197
     -7.4511
    -7.35817
    -7.51883
    -7.55305
    -7.48374
    -7.50364
    -7.48843
    -7.49081
    -7.45285
    -7.38789
    -7.37422
    -7.36731
    -7.40415
      -7.425
    -7.36301
    -7.43187
    -7.40384
    -7.38682
    -7.40184
    -7.39473
    -7.34037
    -7.37158
    -7.32032
    -7.18879
    -7.18245
    -7.29667
    -7.28249
    -7.37242
    -7.41751
    -7.39763
    -7.47323
    -7.49506
    -7.52193
    -7.57842
    -7.63593
    -7.50541
    -7.53705
    -7.53366
    -7.60025
    -7.59916
    -7.55814
    -7.58313
    -7.56341
    -7.55274
    -7.56187
    -7.49796
    -7.50109
    -7.50853
    -7.58046
    -7.57575
     -7.5576
    -7.51082
    -7.51994
    -7.50591
    -7.55207
    -7.48865
    -7.55515
    -7.57011
    -7.57556
    -7.61205
    -7.56647
    -7.55392
    -7.48512
    -7.57152
    -7.58918
    -7.56481
    -7.53609
    -7.48989
    -7.48666
    -7.46265
    -7.49204
    -7.52647
     -7.4639
    -7.53314
    -7.53825
    -7.45632
    -7.43563
    -7.39865
    -7.46203
    -7.56147
    -7.57882
     -7.5738
     -7.5859
     -7.5543
    -7.51377
    -7.46985
    -7.51281
    -7.40772
    -7.42888
    -7.42701
    -7.43135
     -7.4375
    -7.50987
    -7.45018
    -7.41897
    -7.40125
    -7.37736
    -7.30351
    -7.34215
    -7.35235
    -7.44702
    -7.40955
    -7.50311
    -7.45497
      -7.444
    -7.45739
    -7.47678
    -7.45455
    -7.51205
    -7.53368
    -7.54601
     -7.5406
    -7.56376
    -7.54133
    -7.57429
    -7.55068
    -7.60559
    -7.60819
    -7.61233
    -7.62394
    -7.62292
    -7.58166
    -7.62041
    -7.57803
     -7.5067
    -7.55824
    -7.60016
    -7.61746
    -7.60024
     -7.6202
     -7.5742
    -7.54374
     -7.5338
    -7.59839
    -7.62336
    -7.61495
    -7.65655
    -7.57195
     -7.5898
    -7.58518
    -7.54463
    -7.53163
    -7.51778
    -7.56874
    -7.55599
    -7.55534
    -7.61232
    -7.61503
    -7.56697
    -7.55091
    -7.64441
    -7.59653
    -7.60967
    -7.58455
    -7.61468
    -7.58711
    -7.60347
    -7.58918
    -7.66208
    -7.65148
    -7.65604
    -7.61988
     -7.5715
    -7.57411
    -7.57574
     -7.5103
    -7.49169
    -7.47632
    -7.52614
    -7.59975
    -7.65106
    -7.59223
    -7.57138
    -7.56009
     -7.5524
     -7.5054
    -7.40501
    -7.42017
    -7.43359
    -7.50824
    -7.45074
    -7.37802
    -7.35952
     -7.3704
    -7.42652
    -7.53468
    -7.53362
    -7.47793
    -7.56766
    -7.67671
    -7.69232
    -7.64804
    -7.69252
    -7.66265
    -7.66547
    -7.58145
    -7.59849
    -7.55075
    -7.54856
    -7.63476
     -7.6414
    -7.64875
    -7.64304
      -7.585
    -7.54693
    -7.58508
     -7.5289
    -7.49138
     -7.5592
    -7.60023
    -7.47693
    -7.55143
    -7.62529
    -7.64756
    -7.60414
    -7.52969
    -7.53172
    -7.53147
    -7.47167
    -7.52944
     -7.5306
      -7.575
    -7.59332
    -7.56673
    -7.51829
    -7.55266
    -7.53444
    -7.52673
    -7.55073
    -7.55113
    -7.53962
    -7.53148
    -7.55527
     -7.5192
    -7.46122
    -7.41302
    -7.46658
    -7.39666
    -7.32277
    -7.33705
    -7.48101
    -7.48367
    -7.45235
    -7.55372
    -7.58349
    -7.57847
    -7.55161
    -7.51264
    -7.47309
    -7.53648
     -7.5783
    -7.53334
    -7.54053
    -7.52436
    -7.50981
    -7.47997
    -7.46103
    -7.48649
    -7.50931
    -7.51495
    -7.48908
    -7.47338
    -7.44071
    -7.40555
    -7.37718
    -7.40236
    -7.44331
    -7.49578
    -7.49011
    -7.53486
    -7.49238
    -7.59014
    -7.57261
     -7.6101
    -7.52176
    -7.53779
    -7.59789
    -7.55543
    -7.52709
    -7.51845
    -7.49464
    -7.48604
    -7.53496
    -7.43969
     -7.4768
    -7.54928
    -7.53084
    -7.52272
    -7.48032
    -7.46272
    -7.44485
    -7.43054
    -7.44811
    -7.38201
    -7.34391
    -7.28927
    -7.33262
    -7.36266
    -7.37427
    -7.41742
    -7.51133
    -7.42028
    -7.36059
    -7.40107
    -7.40446
    -7.42765
     -7.4323
    -7.45171
    -7.48402
     -7.5134
    -7.51889
    -7.50208
     -7.4582
    -7.44571
    -7.41028
    -7.44117
    -7.40287
    -7.49745
    -7.46612
    -7.44682
    -7.49369
     -7.5681
     -7.5605
    -7.59238
    -7.66236
    -7.61451
    -7.65054
    -7.58538
    -7.56335
    -7.62364
    -7.59749
     -7.6382
    -7.65022
    -7.71116
    -7.66088
    -7.65574
    -7.50459
    -7.57401
    -7.59418
    -7.64065
     -7.6101
    -7.59033
    -7.58194
    -7.50226
    -7.46451
    -7.49855
    -7.50514
     -7.5599
    -7.45637
    -7.46461
    -7.51511
    -7.52719
    -7.46988
    -7.50898
    -7.49565
    -7.42764
    -7.37402
    -7.41525
    -7.39191
    -7.38621
    -7.36986
    -7.44936
    -7.37147
    -7.45404
    -7.38188
    -7.33502
    -7.37446
     -7.4111
    -7.42855
    -7.48025
    -7.43698
    -7.46003
    -7.38235
    -7.37154
    -7.45393
    -7.42051
     -7.4087
    -7.45224
    -7.44745
    -7.50653
    -7.57565
    -7.54186
    -7.53231
    -7.57796
    -7.55401
    -7.62106
    -7.56443
    -7.58644
    -7.55274
    -7.63733
    -7.62114
    -7.64466
    -7.65605
    -7.69768
    -7.68956
    -7.67299
    -7.65196
    -7.62013
    -7.67839
    -7.61914
    -7.58443
    -7.51801
    -7.54028
    -7.49242
    -7.50152
    -7.57752
    -7.58995
    -7.60901
    -7.53864
    -7.60256
    -7.58736
    -7.58721
    -7.61853
    -7.57961
     -7.5963
    -7.58943
    -7.63477
    -7.62901
    -7.55952
    -7.66394
    -7.67009
    -7.66248
     -7.6636
    -7.66242
     -7.6626
    -7.64225
    -7.66959
     -7.6958
    -7.66588
    -7.62264
    -7.70897
    -7.67206
    -7.61972
    -7.61982
    -7.62662
     -7.5608
    -7.48522
    -7.47621
    -7.56799
    -7.46867
    -7.48408
    -7.38789
     -7.3808
    -7.40656
    -7.43815
    -7.45835
    -7.45239
    -7.49208
    -7.43669
    -7.37452
     -7.4058
    -7.37071
    -7.39013
    -7.39128
    -7.42953
    -7.38671
    -7.45561
    -7.53704
    -7.51535
    -7.56484
    -7.54181
    -7.59007
    -7.58171
    -7.59669
      -7.574
    -7.63143
    -7.57331
    -7.60819
    -7.59461
     -7.4634
    -7.44491
    -7.40862
    -7.40448
    -7.45955
    -7.51384
    -7.51515
    -7.56743
    -7.54821
     -7.5497
    -7.57791
    -7.55944
    -7.54126
    -7.49587
    -7.47082
    -7.54596
    -7.53078
    -7.59884
    -7.66057
    -7.64678
    -7.66765
     -7.6064
    -7.55675
    -7.56083
    -7.62606
    -7.68798
    -7.62341
    -7.58484
    -7.55233
    -7.54761
    -7.60454
    -7.58416
     -7.5566
    -7.60202
    -7.53516
     -7.5136
    -7.53258
    -7.53544
    -7.47332
    -7.45507
    -7.44983
    -7.43545
    -7.43772
    -7.44761
     -7.4007
    -7.39546
     -7.5101
    -7.57364
    -7.58082
    -7.62428
     -7.6111
    -7.58835
    -7.62235
    -7.71178
    -7.67635
     -7.6373
    -7.65336
    -7.72991
    -7.74517
    -7.65991
    -7.71824
    -7.69646
    -7.72923
    -7.71522
    -7.59149
    -7.58323
    -7.58343
    -7.63811
    -7.58241
    -7.57262
    -7.59954
    -7.56539
    -7.57369
    -7.63285
    -7.57009
    -7.53856
    -7.50703
     -7.4849
    -7.55124
    -7.55641
    -7.62034
    -7.60893
    -7.65062
    -7.60408
    -7.58652
    -7.56319
    -7.51671
      -7.566
    -7.57171
    -7.60799
     -7.5817
    -7.53342
    -7.53458
    -7.59901
    -7.59509
    -7.65902
    -7.63804
    -7.64002
    -7.62304
    -7.68894
     -7.6161
    -7.56999
    -7.60542
    -7.61743
    -7.63955
    -7.65823
    -7.65205
    -7.63655
    -7.56222
    -7.56557
    -7.52584
    -7.51264
    -7.50126
    -7.61744
    -7.59408
    -7.63835
    -7.59308
    -7.60636
    -7.55177
    -7.60563
    -7.64327
    -7.60738
    -7.60884
    -7.63434
    -7.59504
    -7.62452
     -7.5902
    -7.67479
    -7.55613
     -7.5745
     -7.5579
    -7.57182
    -7.57647
    -7.54823
    -7.50565
    -7.61673
    -7.54917
    -7.49931
    -7.53676
    -7.56234
    -7.61157
    -7.56546
    -7.64844
    -7.59523
    -7.63854
    -7.62775
    -7.56573
    -7.51477
    -7.46976
    -7.40551
    -7.46764
    -7.51711
    -7.59305
    -7.52437
     -7.5304
    -7.53906
    -7.59602
    -7.60323
     -7.6037
     -7.5676
    -7.61771
    -7.60522
    -7.57577
    -7.65867
    -7.65873
    -7.60854
    -7.55024
    -7.57627
    -7.55788
     -7.5926
    -7.67396
    -7.65003
    -7.58834
    -7.62657
    -7.69123
    -7.63242
    -7.61906
    -7.60532
    -7.61707
    -7.62857
    -7.68231
      -7.691
     -7.7175
    -7.75837
    -7.72554
    -7.70375
    -7.67881
    -7.62301
    -7.66267
    -7.61517
    -7.69233
    -7.67135
      -7.564
    -7.57943
     -7.6413
    -7.66137
    -7.69821
    -7.72768
    -7.72719
    -7.65354
    -7.59421
    -7.55091
     -7.6232
    -7.54875
    -7.54804
    -7.52102
    -7.59591
    -7.62905
    -7.61245
    -7.61769
    -7.59017
    -7.57758
    -7.55915
    -7.52667
    -7.54806
    -7.55472
     -7.5331
    -7.51478
    -7.53667
    -7.52719
    -7.52539
    -7.55253
    -7.54665
    -7.55792
    -7.59072
    -7.61662
    -7.60942
    -7.60499
    -7.55031
    -7.46361
    -7.50176
    -7.51634
     -7.5975
     -7.6566
    -7.59288
    -7.58833
    -7.59532
    -7.62993
    -7.67088
    -7.66849
    -7.74822
    -7.72503
    -7.69651
    -7.66573
    -7.54401
    -7.45924
    -7.54013
    -7.64848
    -7.63255
    -7.60271
    -7.57503
    -7.56431
    -7.57127
    -7.54803
    -7.49964
    -7.50293
    -7.50345
    -7.55469
    -7.57158
      -7.601
    -7.58563
    -7.63768
    -7.65249
    -7.56703
     -7.6016
    -7.59558
    -7.53255
     -7.6468
    -7.53817
    -7.57957
    -7.53973
    -7.48886
    -7.50381
    -7.51385
    -7.48437
    -7.51002
    -7.57032
    -7.59015
    -7.64591
    -7.67668
    -7.56892
    -7.54094
    -7.56996
    -7.60237
     -7.5758
    -7.57114
    -7.63492
    -7.61189
    -7.69039
    -7.69366
    -7.65665
    -7.63763
    -7.65085
    -7.71891
    -7.70073
    -7.72955
    -7.61549
    -7.63418
    -7.66075
    -7.64106
    -7.63115
    -7.63881
    -7.59459
    -7.58566
    -7.57808
    -7.44858
    -7.54347
    -7.63066
    -7.62133
     -7.6002
    -7.63245
    -7.63436
    -7.63223
    -7.59577
    -7.59538
    -7.60985
     -7.6365
    -7.64249
    -7.53487
    -7.55634
    -7.61523
    -7.70152
    -7.72602
    -7.67794
    -7.65587
    -7.63259
    -7.61887
    -7.73134
    -7.74892
    -7.76436
    -7.70484
    -7.66563
    -7.67773
     -7.6352
     -7.6729
    -7.66388
    -7.73237
     -7.6668
    -7.65278
    -7.57424
    -7.58959
    -7.51075
    -7.55338
    -7.62468
     -7.5319
    -7.57739
    -7.50807
     -7.4994
    -7.46019
     -7.4412
    -7.48338
    -7.57122
    -7.50864
    -7.48537
    -7.49704
    -7.55006
    -7.45218
    -7.56215
    -7.57048
    -7.58913
    -7.57138
    -7.55784
    -7.51814
    -7.50396
    -7.60376
    -7.56516
    -7.57392
    -7.51613
    -7.47808
    -7.43029
    -7.44089
    -7.44535
    -7.50413
    -7.52393
    -7.58755
    -7.61634
    -7.66271
    -7.62087
    -7.58786
    -7.58781
    -7.50206
    -7.39249
    -7.33394
    -7.40411
    -7.34787
     -7.4383
     -7.4759
    -7.54432
    -7.48534
    -7.52254
    -7.52764
    -7.55307
    -7.50984
    -7.55315
    -7.64481
    -7.62956
    -7.55644
    -7.63148
     -7.6283
    -7.59451
    -7.51523
    -7.50574
    -7.56665
    -7.60002
    -7.63204
    -7.63778
    -7.59662
    -7.70656
    -7.66524
    -7.60957
    -7.57651
    -7.67958
    -7.68313
    -7.63712
    -7.62808
     -7.6699
    -7.63285
    -7.65038
    -7.58956
    -7.51459
    -7.55429
    -7.52428
    -7.53494
    -7.60558
    -7.56153
    -7.66019
    -7.57624
     -7.5854
    -7.59222
    -7.48584
    -7.55781
    -7.55667
    -7.54259
    -7.64549
    -7.64652
    -7.58904
    -7.51037
    -7.51165
    -7.49771
     -7.5519
    -7.48978
    -7.55175
    -7.55042
    -7.60663
    -7.56704
    -7.54368
     -7.5497
    -7.63284
    -7.60927
     -7.6141
     -7.6539
    -7.67326
     -7.7016
    -7.67428
    -7.64097
    -7.65269
    -7.69658
     -7.7424
    -7.71363
    -7.66404
     -7.6202
    -7.60372
    -7.61566
    -7.57701
     -7.6566
    -7.66117
    -7.63994
    -7.66562
    -7.60726
    -7.65889
    -7.68841
     -7.6506
    -7.61105
    -7.63662
    -7.61465
    -7.61197
    -7.58714
    -7.47297
    -7.45511
    -7.42653
    -7.35518
    -7.41786
    -7.48334
    -7.49697
    -7.43303
    -7.39949
    -7.33556
    -7.42435
    -7.40356
    -7.44329
    -7.38917
    -7.37084
    -7.40551
    -7.47205
    -7.48676
    -7.44292
    -7.50713
    -7.51237
    -7.51519
    -7.60741
    -7.63353
    -7.61449
     -7.5943
    -7.53429
    -7.50416
    -7.47745
    -7.52068
    -7.57998
    -7.59613
    -7.65068
    -7.59844
    -7.60935
    -7.63503
    -7.64209
     -7.7121
    -7.65803
    -7.55744
     -7.6102
     -7.5988
    -7.55733
    -7.45759
    -7.47547
    -7.47415
     -7.4522
    -7.54599
    -7.50672
    -7.46975
    -7.43151
    -7.39849
    -7.43307
     -7.4418
    -7.53337
    -7.44214
    -7.47803
    -7.47973
    -7.52806
    -7.50666
    -7.51116
    -7.60399
    -7.59067
    -7.60417
    -7.58529
    -7.63904
    -7.55041
     -7.5054
    -7.51906
    -7.55802
     -7.5123
    -7.48003
     -7.5376
    -7.61063
     -7.6027
    -7.59836
    -7.63476
    -7.66463
    -7.64368
    -7.68522
    -7.74886
    -7.75259
    -7.71005
    -7.68444
    -7.66925
     -7.6703
    -7.62765
    -7.64749
     -7.5784
    -7.58037
    -7.61368
    -7.56624
    -7.55784
    -7.61912
    -7.57272
    -7.57976
    -7.44173
    -7.41265
     -7.3962
     -7.4136
    -7.38544
     -7.4244
    -7.51141
    -7.43039
    -7.46437
     -7.5787
    -7.55297
    -7.56678
     -7.5328
    -7.48245
    -7.50047
    -7.63123
    -7.66675
    -7.63191
    -7.57416
     -7.5247
     -7.5761
    -7.54458
    -7.47433
     -7.5485
    -7.48278
    -7.38428
    -7.35113
    -7.34755
    -7.34086
    -7.42667
    -7.48229
    -7.47281
    -7.38873
    -7.40771
    -7.37541
    -7.36444
    -7.40404
    -7.27561
    -7.24117
    -7.24109
     -7.3019
    -7.32741
    -7.43221
    -7.52165
    -7.44317
    -7.46724
    -7.40435
    -7.41599
    -7.44594
    -7.35025
    -7.46544
    -7.46833
    -7.50029
    -7.55292
    -7.60846
    -7.61551
    -7.54894
    -7.56371
    -7.45741
     -7.4997
    -7.47989
    -7.50706
    -7.49401
    -7.51241
    -7.46964
    -7.51668
    -7.42888
    -7.45872
    -7.47223
    -7.48099
    -7.51774
    -7.56118
    -7.54685
    -7.52665
    -7.52592
    -7.55029
    -7.57867
    -7.55463
    -7.54818
    -7.60278
    -7.58755
    -7.62201
    -7.60158
    -7.66693
    -7.61412
    -7.59377
    -7.54582
    -7.57686
    -7.50627
    -7.57974
    -7.53317
    -7.60694
     -7.5443
    -7.59999
    -7.62927
    -7.62357
    -7.64393
    -7.66799
    -7.60098
    -7.60792
    -7.52649
    -7.55249
    -7.57816
     -7.5607
    -7.51976
    -7.54839
    -7.47893
    -7.51047
    -7.46872
    -7.43986
    -7.44259
    -7.50526
    -7.57608
    -7.55392
    -7.45691
    -7.38154
    -7.33771
    -7.34372
     -7.2754
     -7.3919
    -7.43315
    -7.49746
    -7.51031
    -7.52616
    -7.50916
    -7.53005
    -7.48965
     -7.4516
    -7.55922
    -7.63076
    -7.58287
    -7.51757
     -7.4877
    -7.54923
    -7.49431
    -7.44991
    -7.51903
    -7.51817
    -7.52822
     -7.6358
    -7.59313
    -7.53653
    -7.51752
    -7.51759
    -7.49375
    -7.49512
    -7.51674
    -7.54328
    -7.52387
    -7.59421
     -7.6008
    -7.55519
    -7.57862
    -7.56795
    -7.52462
    -7.48755
     -7.5417
    -7.56214
    -7.47187
    -7.58853
    -7.64393
    -7.68164
    -7.68691
    -7.66994
    -7.65911
    -7.62684
    -7.58795
    -7.57648
    -7.66975
    -7.61235
     -7.5503
    -7.56024
    -7.49114
    -7.44918
    -7.45432
    -7.53501
    -7.55143
    -7.52094
    -7.53779
     -7.6416
    -7.68931
    -7.72122
    -7.65048
    -7.66334
    -7.67263
    -7.66754
    -7.68522
    -7.77385
    -7.75841
    -7.72449
    -7.71808
    -7.61245
    -7.59783
     -7.5865
    -7.56091
    -7.53947
    -7.58162
    -7.57296
    -7.55324
    -7.56884
    -7.55792
     -7.6258
    -7.65803
    -7.53431
    -7.51497
    -7.49027
     -7.5414
    -7.52222
    -7.51486
    -7.55061
    -7.52965
    -7.59311
    -7.52314
    -7.51973
    -7.56066
    -7.59016
    -7.57698
    -7.59665
    -7.64184
    -7.55805
    -7.49361
    -7.51003
     -7.5483
    -7.56227
    -7.50211
    -7.48153
    -7.53479
    -7.54093
    -7.47105
    -7.50817
    -7.49299
    -7.42819
    -7.38266
    -7.31646
    -7.34408
    -7.32669
    -7.32601
     -7.3499
    -7.36993
    -7.34935
    -7.36481
    -7.37838
     -7.4177
      -7.494
    -7.61381
     -7.6347
    -7.63848
    -7.63274
    -7.65495
    -7.68203
    -7.66918
    -7.65886
     -7.6057
    -7.62248
    -7.66326
    -7.65808
    -7.63604
    -7.61999
      -7.607
    -7.64449
    -7.64301
    -7.60788
    -7.60705
    -7.60297
    -7.64943
    -7.60647
    -7.55192
    -7.56048
    -7.43985
    -7.48423
    -7.45805
    -7.44627
    -7.41957
    -7.54417
    -7.58652
    -7.56561
    -7.54878
    -7.61023
    -7.57503
    -7.50295
    -7.52362
    -7.54975
    -7.57209
    -7.48453
    -7.45851
     -7.5182
    -7.57263
    -7.63587
    -7.59547
    -7.66691
    -7.69576
    -7.65906
    -7.64127
    -7.63339
    -7.61391
    -7.62217
    -7.62007
    -7.63978
    -7.63031
    -7.59163
    -7.54845
    -7.56984
     -7.5391
    -7.59693
    -7.51825
    -7.58427
    -7.52663
    -7.42837
    -7.48402
    -7.54176
    -7.55944
    -7.57381
    -7.54133
    -7.56605
    -7.56937
    -7.53277
    -7.51857
    -7.53998
    -7.45398
    -7.52298
     -7.5301
    -7.54973
    -7.52084
    -7.52669
    -7.48452
    -7.48915
    -7.45542
     -7.3763
    -7.45407
    -7.55599
    -7.49555
     -7.4806
    -7.44239
    -7.54081
    -7.50765
    -7.44428
    -7.51362
    -7.52552
    -7.57884
    -7.56566
    -7.50468
    -7.54715
    -7.57918
    -7.52395
    -7.53847
     -7.5417
    -7.49445
    -7.50631
    -7.54559
    -7.57247
    -7.58141
    -7.54047
     -7.5589
    -7.58663
    -7.58762
    -7.58952
     -7.6142
     -7.5569
    -7.48771
    -7.44587
    -7.54362
    -7.56871
    -7.62059
    -7.63153
    -7.58146
    -7.62108
    -7.64848
    -7.57875
    -7.51191
    -7.53163
    -7.58241
    -7.56225
    -7.47021
    -7.47735
    -7.47233
    -7.49666
     -7.4944
    -7.45739
    -7.55767
     -7.5075
    -7.44577
    -7.42359
    -7.41502
    -7.48529
    -7.57791
    -7.51365
    -7.56544
    -7.53876
    -7.56474
    -7.54146
    -7.50577
    -7.48802
    -7.47216
    -7.48768
    -7.55489
    -7.52507
    -7.58733
    -7.53511
    -7.55058
    -7.61293
     -7.6654
    -7.69414
    -7.75797
     -7.6753
    -7.67781
    -7.65211
    -7.65531
    -7.62742
    -7.56298
    -7.54633
    -7.55232
    -7.61119
    -7.52962
    -7.55479
    -7.53267
    -7.59612
    -7.58357
    -7.54302
    -7.44957
    -7.46303
    -7.35184
    -7.32091
    -7.35421
    -7.41682
    -7.43223
    -7.45436
    -7.49673
     -7.5541
    -7.49971
    -7.49246
     -7.4702
    -7.47814
     -7.4806
    -7.54471
    -7.55957
    -7.58789
    -7.67165
    -7.65762
    -7.58522
    -7.69488
    -7.65804
    -7.58163
    -7.64142
    -7.64201
    -7.72723
    -7.72138
     -7.7391
    -7.64328
    -7.63859
    -7.66342
    -7.62335
    -7.68529
     -7.7088
    -7.69461
     -7.6207
    -7.61877
    -7.53697
    -7.50224
    -7.56793
    -7.56108
    -7.59402
    -7.53907
    -7.53872
    -7.60879
    -7.61489
    -7.63831
    -7.58854
    -7.65938
    -7.71217
    -7.71763
    -7.73279
    -7.70507
    -7.68513
    -7.73779
    -7.74412
    -7.69438
    -7.68251
    -7.64372
     -7.6713
    -7.58038
    -7.63067
    -7.68676
    -7.65477
    -7.66223
    -7.71676
    -7.56916
    -7.57699
    -7.60112
     -7.5709
    -7.60519
    -7.66112
    -7.65612
    -7.67899
    -7.65532
    -7.67993
     -7.5925
     -7.6155
     -7.5947
    -7.63193
    -7.62268
    -7.56613
    -7.56599
    -7.59061
    -7.62166
    -7.60859
    -7.62031
    -7.60586
    -7.59015
    -7.59703
     -7.5826
    -7.59666
    -7.72022
    -7.73963
    -7.74145
    -7.71599
    -7.65301
    -7.57458
    -7.57908
    -7.66381
    -7.61416
    -7.52975
    -7.55546
    -7.58399
    -7.58215
    -7.57409
    -7.59404
    -7.62951
    -7.57933
    -7.63109
    -7.52529
    -7.57497
    -7.54184
    -7.54162
    -7.46312
    -7.50085
    -7.46353
    -7.50503
    -7.49261
    -7.51359
    -7.48773
     -7.4695
    -7.47548
    -7.52448
    -7.56555
    -7.52172
     -7.4782
     -7.5598
    -7.59969
    -7.61296
    -7.60971
    -7.67612
    -7.69163
    -7.70679
    -7.68341
    -7.59907
    -7.49549
    -7.50008
    -7.58049
     -7.5605
    -7.51254
    -7.50091
    -7.54095
    -7.55677
    -7.57516
    -7.54178
    -7.50839
     -7.4104
    -7.38533
    -7.38878
    -7.43708
       -7.47
    -7.42708
    -7.44366
    -7.42923
    -7.46664
    -7.33383
    -7.35609
    -7.36627
    -7.39705
    -7.38971
     -7.4819
    -7.47934
    -7.50991
    -7.54383
    -7.59009
    -7.55395
    -7.58839
    -7.61016
    -7.62832
    -7.64765
    -7.58184
    -7.61379
    -7.78081
    -7.75706
     -7.7387
    -7.79475
    -7.75091
    -7.76126
    -7.67006
    -7.64621
    -7.56275
    -7.64969
    -7.57149
    -7.59235
    -7.60384
    -7.59833
    -7.54753
    -7.47156
    -7.52074
    -7.47986
    -7.50846
      -7.494
    -7.50757
    -7.47568
    -7.42683
    -7.54041
    -7.57185
    -7.59082
     -7.5104
    -7.63955
     -7.5231
    -7.51622
    -7.52617
    -7.49752
    -7.53677
    -7.57118
    -7.62682
    -7.57241
     -7.6054
     -7.5834
    -7.63373
    -7.63967
    -7.62513
    -7.57778
    -7.52901
    -7.57876
    -7.48045
    -7.47273
    -7.54439
    -7.51076
    -7.53199
    -7.53538
    -7.52646
    -7.49013
    -7.45094
    -7.42339
    -7.35258
    -7.44754
    -7.38144
    -7.42722
    -7.44712
    -7.48122
    -7.50587
    -7.50609
    -7.46685
    -7.50385
    -7.55889
    -7.49084
    -7.50585
    -7.49029
    -7.44514
    -7.50741
    -7.53749
    -7.51213
    -7.56788
    -7.54102
    -7.48616
    -7.51339
    -7.52826
    -7.49608
    -7.46971
    -7.40372
    -7.42357
    -7.41657
    -7.40165
     -7.4335
    -7.49991
    -7.54216
    -7.54096
    -7.58778
    -7.57178
    -7.54364
    -7.50043
    -7.60709
    -7.64162
    -7.65162
    -7.60277
    -7.63626
    -7.67766
    -7.67862
    -7.71586
    -7.71271
     -7.6699
     -7.7143
    -7.70306
    -7.72228
    -7.72164
    -7.67888
    -7.62059
     -7.6873
    -7.68304
    -7.56404
    -7.56436
    -7.61567
    -7.60022
    -7.58029
    -7.51213
    -7.49787
    -7.60335
    -7.57454
    -7.51323
    -7.51287
     -7.5395
    -7.60125
    -7.56926
    -7.52834
    -7.49336
    -7.54556
    -7.52978
    -7.55217
    -7.51292
    -7.42878
    -7.37763
      -7.409
    -7.52584
    -7.56359
    -7.60976
    -7.61478
      -7.625
    -7.62809
    -7.58873
    -7.57784
    -7.59049
    -7.52269
    -7.52108
    -7.53645
    -7.48475
    -7.52502
    -7.55565
    -7.61092
    -7.58946
    -7.66631
     -7.6615
    -7.63681
     -7.6036
    -7.59518
    -7.66611
    -7.68766
    -7.64286
    -7.59072
    -7.57538
    -7.61622
    -7.51584
     -7.5132
    -7.49648
    -7.43101
    -7.43771
    -7.45201
    -7.42752
    -7.49222
    -7.47646
    -7.49866
     -7.5122
    -7.54084
    -7.53753
    -7.43104
    -7.38586
    -7.42537
    -7.46384
    -7.53089
    -7.56508
    -7.61347
    -7.61548
    -7.51384
    -7.53581
    -7.54819
    -7.60345
    -7.49123
    -7.53798
    -7.52784
    -7.57113
    -7.56444
    -7.54394
    -7.57052
    -7.54115
    -7.52859
    -7.58906
     -7.6397
     -7.5965
    -7.60523
    -7.54902
    -7.60551
    -7.59275
    -7.65426
    -7.62464
    -7.59801
    -7.59532
     -7.6111
    -7.61314
    -7.54849
    -7.53043
    -7.47773
    -7.43239
    -7.41663
    -7.47675
    -7.58475
    -7.66275
    -7.68029
    -7.59402
    -7.56471
    -7.56834
    -7.50927
    -7.47218
    -7.46009
    -7.56517
    -7.56776
    -7.58526
     -7.5484
    -7.58543
    -7.58744
    -7.60665
    -7.55781
    -7.56454
    -7.59145
    -7.58946
    -7.60405
     -7.6068
     -7.6097
     -7.5797
    -7.60599
    -7.61881
     -7.6267
    -7.57321
    -7.60564
    -7.68025
    -7.63489
    -7.65887
    -7.64726
    -7.62265
    -7.56172
    -7.53618
    -7.55508
    -7.57904
     -7.5404
    -7.54523
    -7.57747
    -7.58388
    -7.60953
    -7.64605
    -7.61275
    -7.61761
    -7.65896
    -7.70372
    -7.63679
    -7.61708
    -7.61455
    -7.54938
    -7.55911
    -7.58125
    -7.56074
    -7.56209
     -7.5058
    -7.49408
    -7.52813
    -7.52112
    -7.45572
    -7.54355
    -7.48541
    -7.45058
    -7.51601
    -7.58797
    -7.58111
    -7.60794
    -7.60459
    -7.69919
    -7.65567
    -7.55988
    -7.49526
     -7.4241
     -7.4326
    -7.40739
    -7.37877
    -7.44234
    -7.43534
    -7.45428
     -7.4705
    -7.49126
    -7.49789
    -7.49702
    -7.52847
    -7.51347
    -7.52709
    -7.56447
     -7.6261
    -7.68157
    -7.61133
     -7.5801
    -7.56131
    -7.54935
    -7.49078
    -7.48752
     -7.4333
    -7.56138
    -7.54117
    -7.49327
    -7.45036
    -7.49557
    -7.47124
    -7.45906
    -7.41637
    -7.40599
    -7.38713
    -7.38773
    -7.45682
    -7.53623
    -7.55949
    -7.62805
    -7.64038
    -7.65569
    -7.59831
    -7.64932
     -7.6248
    -7.61952
    -7.64984
    -7.63998
      -7.688
    -7.61745
     -7.5474
    -7.55936
    -7.62365
    -7.61726
    -7.58053
    -7.55586
    -7.57809
     -7.6069
    -7.69027
    -7.66463
    -7.70753
    -7.62589
    -7.61776
    -7.60423
    -7.57625
    -7.50459
    -7.47207
    -7.43166
    -7.45347
    -7.48509
    -7.51184
    -7.52611
    -7.50899
    -7.55444
    -7.56577
    -7.50503
    -7.55063
    -7.53608
    -7.54669
     -7.5057
    -7.53129
    -7.60522
    -7.60593
    -7.63435
