6.89925	11.1144
6.70179	9.55862
5.91389	8.45624
5.38336	7.54615
4.324	6.79536
3.88943	6.14642
3.73543	5.49285
3.51594	4.88287
3.08033	4.31109
2.54629	3.83668
2.26868	3.45772
2.1471	3.17208
2.13847	2.92486
2.09624	2.6931
2.05214	2.47317
1.96093	2.29419
1.95464	2.16448
1.85333	2.10396
1.81849	2.06006
1.64221	1.99527
1.50292	1.91896
1.46347	1.83278
1.40057	1.72748
1.32809	1.6072
1.25664	1.49301
1.20423	1.41208
1.20162	1.34418
1.13186	1.28348
1.10877	1.23207
1.09822	1.18526
1.06483	1.13975
1.0225	1.11365
1.0225	1.09245
1.01986	1.07486
1.01986	1.04826
1.01986	1.02541
1.01858	1.02269
1.01858	1.01983
1.01858	1.0196
1.01858	1.01858
1.01858	1.01858
1.01858	1.01858
1.01858	1.01858
1.01858	1.01858
1.01858	1.01858
1.01858	1.01858
1.01858	1.01858
1.01858	1.01858
1.01858	1.01858
1.01858	1.01858
1.01858	1.01858
1.01754	1.01858
1.01754	1.01858
1.01754	1.01858
1.01754	1.01858
1.01754	1.01858
1.01754	1.01858
1.01754	1.01858
1.01754	1.01857
1.01754	1.01855
1.01754	1.01852
1.01754	1.01838
1.01754	1.0178
1.01754	1.01754
1.01754	1.01754
1.01754	1.01754
1.01754	1.01754
1.01754	1.01754
1.01754	1.01754
1.01754	1.01754
1.01754	1.01754
1.01754	1.01754
1.01754	1.01754
1.01754	1.01754
1.01754	1.01754
1.01754	1.01754
1.01754	1.01754
1.01754	1.01754
1.01754	1.01754
1.01754	1.01754
1.01754	1.01754
1.01754	1.01754
1.01754	1.01754
1.01754	1.01754
1.01754	1.01754
1.01754	1.01754
1.01754	1.01754
1.01754	1.01754
1.01754	1.01754
1.01754	1.01754
1.01754	1.01754
1.01754	1.01754
1.01754	1.01754
1.01754	1.01754
1.01754	1.01754
1.01754	1.01754
1.01754	1.01754
1.01754	1.01754
1.01754	1.01754
1.01754	1.01754
1.01754	1.01754
1.01754	1.01754
1.01754	1.01754
1.01754	1.01754
1.01754	1.01754
1.01754	1.01754
1.01754	1.01754
1.01754	1.01754
1.01754	1.01754
1.01754	1.01754
1.01754	1.01754
1.01754	1.01754
1.01754	1.01754
1.01754	1.01754
1.01754	1.01754
1.01754	1.01754
1.01754	1.01754
1.01754	1.01754
1.01754	1.01754
1.01754	1.01754
1.01754	1.01754
1.01754	1.01754
1.01754	1.01754
1.01754	1.01754
1.01754	1.01754
1.01754	1.01754
1.01754	1.01754
1.01754	1.01754
1.01754	1.01754
1.01754	1.01754
1.01754	1.01754
1.01754	1.01754
1.01754	1.01754
1.01754	1.01754
1.01754	1.01754
1.01754	1.01754
1.01754	1.01754
1.01754	1.01754
1.01754	1.01754
1.01754	1.01754
1.01754	1.01754
1.01754	1.01754
1.01754	1.01754
1.01754	1.01754
1.01754	1.01754
1.01754	1.01754
1.01754	1.01754
1.01754	1.01754
1.01754	1.01754
1.01754	1.01754
1.01754	1.01754
1.01754	1.01754
1.01754	1.01754
1.01754	1.01754
1.01754	1.01754
1.01754	1.01754
1.01754	1.01754
1.01754	1.01754
1.01754	1.01754
1.01754	1.01754
1.01754	1.01754
1.01754	1.01754
1.01754	1.01754
1.01754	1.01754
1.01754	1.01754
1.01754	1.01754
1.01754	1.01754
1.01754	1.01754
1.01754	1.01754
1.01754	1.01754
1.01754	1.01754
1.01754	1.01754
1.01754	1.01754
1.01754	1.01754
1.01754	1.01754
1.01754	1.01754
1.01754	1.01754
1.01754	1.01754
1.01754	1.01754
1.01754	1.01754
1.01754	1.01754
1.01754	1.01754
1.01754	1.01754
1.01754	1.01754
1.01754	1.01754
1.01754	1.01754
1.01754	1.01754
1.01754	1.01754
1.01754	1.01754
1.01754	1.01754
1.01754	1.01754
1.01754	1.01754
1.01754	1.01754
1.01754	1.01754
1.01754	1.01754
1.01754	1.01754
1.01754	1.01754
1.01754	1.01754
1.01754	1.01754
1.01754	1.01754
1.01754	1.01754
