21529.5	34404.2
18809.9	29078.7
17259.1	24991.2
15096	21823.1
13823.9	19331
12265.1	17405.7
10861.9	15799.6
10813.8	14384
10322.6	13222
9239.36	12195.2
9000.74	11288.5
8606.71	10517.2
8109.91	9790.91
7553.2	9123.09
7214.9	8584.91
7198.9	8204.88
6709.23	7852.7
6691.12	7490.39
6385.71	7119.9
6148.35	6823.76
6144.78	6596.78
6086.9	6415.69
5932.32	6251.21
5885.87	6132.93
5794.27	6026.9
5762.26	5921.53
5750.93	5860.96
5716.95	5813.67
5681.8	5774.59
5650.33	5746.8
5601.1	5717.95
5366.51	5686.17
5353.88	5652.7
5353.88	5613.98
5353.88	5573.02
5280.33	5526.3
5257.31	5439.1
5253.71	5364.03
5120.07	5336.32
5085.78	5291.83
4997.08	5257.67
4982.83	5193.4
4982.83	5092.44
4975.59	5023.2
4964.97	4994.86
4951.09	4982.33
4925.4	4979.18
4925.4	4968
4898.68	4946.77
4878.09	4940.82
4878.09	4930.12
4873.43	4912.38
4830.15	4896.63
4814.95	4884.63
4806.93	4862.98
4803.11	4834.26
4787.72	4812.26
4785.06	4806.73
4782.57	4805.52
4772.57	4801.12
4763.99	4792.8
4745.39	4782.55
4737.76	4780.24
4732.9	4771.75
4724.31	4768.54
4724.31	4759.97
4714.31	4748.67
4714.31	4731.51
4712.55	4724.2
4680.07	4723.32
4670.08	4717.99
4668.31	4712.43
4668.31	4707.19
4656.59	4686.62
4656.59	4668
4656.59	4665.9
4656.59	4656.67
4656.59	4656.59
4650.04	4656.59
4650.04	4656.58
4650.04	4656.51
4624.33	4655.99
4624.33	4652.46
4624.33	4647.02
4624.33	4631.85
4624.33	4624.33
4624.33	4624.33
4624.33	4624.33
4624.33	4624.33
4624.33	4624.33
4624.33	4624.33
4624.33	4624.33
4624.33	4624.33
4624.33	4624.33
4624.33	4624.33
4624.33	4624.33
4624.33	4624.33
4624.33	4624.33
4624.33	4624.33
4624.33	4624.33
4624.33	4624.33
4624.33	4624.33
4624.33	4624.33
4624.33	4624.33
4624.33	4624.33
4624.33	4624.33
4624.33	4624.33
4624.33	4624.33
4624.33	4624.33
4624.33	4624.33
4624.33	4624.33
4624.33	4624.33
4624.33	4624.33
4624.33	4624.33
4624.33	4624.33
4624.33	4624.33
4624.33	4624.33
4624.33	4624.33
4624.33	4624.33
4624.33	4624.33
4624.33	4624.33
4624.33	4624.33
4624.33	4624.33
4624.33	4624.33
4624.33	4624.33
4624.33	4624.33
4624.33	4624.33
4624.33	4624.33
4624.33	4624.33
4624.33	4624.33
4624.33	4624.33
4624.33	4624.33
4624.33	4624.33
4624.33	4624.33
4624.33	4624.33
4624.33	4624.33
4624.33	4624.33
4624.33	4624.33
4624.33	4624.33
4624.33	4624.33
4624.33	4624.33
4624.33	4624.33
4624.33	4624.33
4624.33	4624.33
4624.33	4624.33
4624.33	4624.33
4624.33	4624.33
4624.33	4624.33
4624.33	4624.33
4624.33	4624.33
4624.33	4624.33
4624.33	4624.33
4624.33	4624.33
4624.33	4624.33
4624.33	4624.33
4624.33	4624.33
4624.33	4624.33
4624.33	4624.33
4624.33	4624.33
4624.33	4624.33
4624.33	4624.33
4624.33	4624.33
4624.33	4624.33
4624.33	4624.33
4624.33	4624.33
4624.33	4624.33
4624.33	4624.33
4624.33	4624.33
4624.33	4624.33
4624.33	4624.33
4624.33	4624.33
4624.33	4624.33
4624.33	4624.33
4624.33	4624.33
4624.33	4624.33
4624.33	4624.33
4624.33	4624.33
4624.33	4624.33
4624.33	4624.33
4624.33	4624.33
4624.33	4624.33
4624.33	4624.33
4624.33	4624.33
4624.33	4624.33
4624.33	4624.33
4624.33	4624.33
4624.33	4624.33
4624.33	4624.33
4624.33	4624.33
4624.33	4624.33
4624.33	4624.33
4624.33	4624.33
4624.33	4624.33
4624.33	4624.33
4624.33	4624.33
4624.33	4624.33
4624.33	4624.33
4624.33	4624.33
4624.33	4624.33
4624.33	4624.33
4624.33	4624.33
