   -0.274775
   -0.340629
   -0.409978
   -0.339315
   -0.396844
    -0.35859
   -0.398576
   -0.347411
   -0.265561
    -0.34094
   -0.350338
    -0.42719
   -0.400343
   -0.416958
   -0.457823
   -0.466292
   -0.411938
   -0.406323
   -0.380936
   -0.448727
   -0.483851
   -0.431875
   -0.419564
   -0.373304
    -0.30774
   -0.403655
   -0.394972
   -0.401311
   -0.393999
   -0.394879
    -0.37559
   -0.388172
   -0.430963
     -0.4246
   -0.365528
    -0.38253
   -0.318221
   -0.484904
   -0.420893
   -0.459366
   -0.458821
   -0.459517
   -0.425229
   -0.465153
   -0.388795
   -0.432291
   -0.422041
   -0.379105
   -0.383516
   -0.442747
   -0.459106
   -0.440735
   -0.442555
   -0.387574
   -0.383162
   -0.431853
    -0.41639
   -0.438889
   -0.514018
   -0.444824
   -0.361479
   -0.350708
   -0.381464
   -0.425533
   -0.426829
   -0.357761
   -0.382716
   -0.423713
   -0.414539
   -0.389383
   -0.391144
   -0.467504
   -0.478327
   -0.490155
   -0.436778
   -0.371153
   -0.420072
   -0.433687
    -0.39031
   -0.453816
   -0.450711
   -0.402669
   -0.441917
   -0.381979
   -0.460825
   -0.403873
   -0.464886
   -0.489197
   -0.442936
   -0.421032
   -0.408263
   -0.392805
    -0.41055
   -0.397707
   -0.397694
   -0.432715
    -0.39089
   -0.366337
   -0.361625
   -0.364498
   -0.383002
   -0.325465
   -0.354337
   -0.411651
   -0.455868
   -0.481103
   -0.495876
   -0.466148
   -0.461273
   -0.437952
   -0.388578
    -0.42107
   -0.418499
   -0.316577
   -0.404814
   -0.442489
    -0.44991
   -0.446361
   -0.460499
   -0.517658
   -0.512297
   -0.466771
   -0.499584
    -0.41978
   -0.345967
   -0.482631
    -0.40877
   -0.365832
   -0.367656
    -0.38009
   -0.335418
   -0.374263
   -0.429252
   -0.478144
   -0.379405
   -0.422493
   -0.455928
   -0.479118
   -0.502134
   -0.487427
   -0.404793
   -0.427284
   -0.411189
   -0.399509
   -0.483508
   -0.543547
    -0.57581
   -0.492506
   -0.456878
   -0.410709
    -0.32827
   -0.371649
   -0.380604
   -0.426545
   -0.435039
   -0.479151
   -0.499973
   -0.468107
   -0.427411
   -0.435489
   -0.398971
   -0.376418
   -0.427768
   -0.426802
   -0.452426
   -0.423616
   -0.476676
   -0.434785
   -0.422766
   -0.370334
   -0.432077
   -0.406494
   -0.382175
   -0.428434
   -0.399907
   -0.405467
   -0.452857
   -0.372836
   -0.340887
   -0.334589
   -0.437426
   -0.414141
   -0.469622
   -0.534462
   -0.415704
    -0.47457
   -0.386695
   -0.400568
   -0.379587
   -0.262191
   -0.389869
   -0.429012
   -0.421866
   -0.393737
   -0.430835
   -0.352466
   -0.396004
   -0.415604
   -0.452925
   -0.468749
   -0.423003
   -0.462645
   -0.443174
   -0.353989
   -0.388006
    -0.45226
   -0.417372
   -0.370227
    -0.43448
   -0.404037
   -0.361335
   -0.358966
   -0.386835
   -0.354954
   -0.373308
   -0.408784
     -0.3648
   -0.449274
   -0.489932
   -0.492529
    -0.47045
   -0.427779
   -0.438528
    -0.45697
    -0.35753
   -0.426419
     -0.3815
    -0.37495
   -0.340298
    -0.31986
   -0.373707
   -0.383061
   -0.376512
   -0.384862
   -0.375714
   -0.371946
    -0.39707
   -0.427393
   -0.422123
   -0.435819
   -0.447579
    -0.45342
   -0.395946
   -0.370106
   -0.361763
   -0.360489
   -0.403546
   -0.384618
   -0.390307
   -0.421017
   -0.392978
   -0.372996
   -0.401235
   -0.449719
   -0.413277
   -0.447384
   -0.417722
   -0.377169
   -0.515032
   -0.476695
   -0.479016
   -0.517371
    -0.52487
    -0.56108
    -0.36363
    -0.35578
   -0.412887
    -0.40929
    -0.34449
   -0.405209
   -0.420245
   -0.383492
   -0.443153
   -0.502859
   -0.425912
   -0.470152
   -0.325216
   -0.360248
   -0.410075
   -0.455154
   -0.419135
   -0.443268
   -0.474833
   -0.440685
   -0.430363
   -0.384282
   -0.429396
   -0.443776
    -0.47135
   -0.500186
   -0.416637
   -0.397543
    -0.34696
   -0.361011
   -0.359841
   -0.376748
   -0.497164
   -0.559788
    -0.49523
   -0.393518
   -0.427737
   -0.415111
   -0.419449
   -0.363782
   -0.318577
   -0.374586
   -0.361684
   -0.418037
    -0.44181
   -0.376524
   -0.404453
   -0.409681
   -0.463395
   -0.425619
   -0.431205
   -0.447079
   -0.399267
   -0.354806
   -0.372941
   -0.376852
   -0.411152
   -0.403038
   -0.424301
   -0.422456
   -0.440243
   -0.403136
   -0.430104
   -0.420776
   -0.388232
   -0.374183
   -0.309211
   -0.288886
   -0.349438
   -0.278133
   -0.311803
    -0.39494
   -0.419054
   -0.397047
   -0.421624
   -0.369855
   -0.335697
     -0.3646
   -0.341238
   -0.409339
    -0.38747
   -0.381133
   -0.371457
   -0.340321
   -0.374723
   -0.392491
   -0.374985
   -0.346161
   -0.329913
   -0.386946
   -0.375759
   -0.397083
   -0.348091
   -0.422648
   -0.392642
   -0.433756
   -0.507492
   -0.440756
   -0.404561
   -0.359931
   -0.394011
   -0.360924
   -0.401906
   -0.408138
   -0.415963
   -0.355772
    -0.34417
   -0.427262
   -0.424537
   -0.404795
   -0.401649
   -0.380963
   -0.350287
   -0.399984
   -0.368118
   -0.359278
   -0.333293
   -0.441405
   -0.433818
    -0.38989
   -0.413265
   -0.423343
   -0.422897
   -0.454893
    -0.45224
   -0.367763
   -0.363165
   -0.440445
     -0.3933
   -0.335659
   -0.361019
   -0.411899
   -0.383099
   -0.464578
   -0.407373
   -0.413994
   -0.331895
   -0.403122
   -0.427804
   -0.438117
   -0.382033
   -0.389521
   -0.410507
   -0.420531
   -0.457799
   -0.473099
    -0.43737
   -0.392704
   -0.380303
   -0.361647
   -0.310694
   -0.334339
   -0.300616
   -0.380429
   -0.440613
   -0.433197
   -0.401421
   -0.433831
   -0.425406
   -0.422792
   -0.438554
   -0.429239
   -0.391336
    -0.37623
   -0.366151
   -0.368427
   -0.346941
   -0.349376
   -0.391942
   -0.369991
   -0.380732
   -0.370197
   -0.426488
   -0.318582
    -0.40607
   -0.368948
   -0.378051
   -0.378305
   -0.431893
   -0.405194
   -0.444417
   -0.407773
   -0.434151
   -0.392524
   -0.451312
    -0.43923
   -0.417181
   -0.434545
     -0.3893
   -0.393751
   -0.358709
   -0.340283
   -0.360304
   -0.359524
   -0.457278
   -0.440086
   -0.431952
   -0.434569
   -0.449804
   -0.409901
   -0.337756
    -0.38311
    -0.36636
   -0.389786
   -0.393692
    -0.37133
   -0.351994
   -0.348564
   -0.341376
   -0.391839
   -0.425933
   -0.388047
   -0.455547
    -0.47275
    -0.46741
   -0.424575
   -0.393622
   -0.442255
   -0.535722
   -0.432401
   -0.402743
    -0.49888
   -0.469329
   -0.393103
   -0.390074
   -0.416249
   -0.491279
   -0.510057
   -0.382546
   -0.446646
   -0.415896
   -0.315033
    -0.39415
   -0.429588
   -0.493365
    -0.48195
   -0.475675
   -0.429604
   -0.360701
   -0.419533
   -0.456388
   -0.469529
   -0.431703
   -0.341528
   -0.368637
   -0.328642
   -0.425767
   -0.365001
   -0.404244
   -0.406512
    -0.41756
   -0.378125
   -0.509818
   -0.411309
   -0.481554
   -0.463174
   -0.436113
   -0.450891
   -0.409795
   -0.452801
   -0.417919
   -0.520239
   -0.470754
   -0.478859
   -0.509962
   -0.504328
    -0.44265
    -0.39368
   -0.404705
   -0.449323
   -0.465197
   -0.389659
   -0.446471
   -0.382696
   -0.431556
   -0.424867
   -0.437667
   -0.460209
   -0.373917
   -0.409282
   -0.399232
   -0.463107
   -0.525299
   -0.390623
   -0.477449
   -0.440283
   -0.380125
    -0.41599
   -0.375869
   -0.375249
   -0.331395
   -0.378127
   -0.373492
   -0.388788
   -0.401951
   -0.363256
   -0.356757
   -0.351757
   -0.401672
   -0.380948
   -0.384591
   -0.373204
   -0.419475
   -0.441853
   -0.375351
   -0.328405
   -0.369639
   -0.434322
   -0.454237
    -0.46967
   -0.479427
   -0.411877
    -0.42775
   -0.385435
     -0.4672
   -0.514418
   -0.526401
   -0.579659
   -0.588751
   -0.556877
   -0.505337
    -0.41224
   -0.446864
   -0.382419
   -0.394826
   -0.394052
   -0.355866
   -0.392388
   -0.402405
   -0.399307
   -0.405382
   -0.451187
   -0.372408
   -0.380206
   -0.388834
    -0.36532
   -0.338208
   -0.400893
   -0.382097
   -0.406824
   -0.401544
   -0.410586
   -0.351774
   -0.385671
   -0.385245
   -0.425213
   -0.452735
   -0.464074
   -0.442705
   -0.456986
    -0.44284
   -0.422808
   -0.427063
   -0.385106
   -0.423879
   -0.468959
   -0.397723
   -0.416633
   -0.449429
   -0.444324
    -0.39354
   -0.418377
   -0.422571
   -0.415584
   -0.413619
    -0.39293
   -0.337311
    -0.38981
   -0.403343
   -0.492463
   -0.519405
   -0.427406
    -0.41051
   -0.412742
    -0.38478
   -0.425319
   -0.416984
   -0.429988
   -0.377475
   -0.308409
   -0.414122
   -0.466506
   -0.467348
   -0.503863
   -0.479934
   -0.485916
   -0.353121
   -0.359554
   -0.377439
   -0.334072
   -0.358754
   -0.354008
   -0.357538
    -0.37392
   -0.349947
   -0.324944
      -0.396
   -0.361853
   -0.401842
   -0.411718
   -0.346323
   -0.292561
   -0.330521
    -0.34443
   -0.341357
    -0.41309
   -0.431225
    -0.41889
   -0.405874
   -0.445869
   -0.420702
   -0.447276
   -0.402694
   -0.444337
   -0.406976
   -0.358451
   -0.336087
   -0.370044
   -0.406665
   -0.392341
   -0.422969
   -0.411039
   -0.479295
    -0.48091
   -0.453865
   -0.324303
   -0.369728
   -0.327024
   -0.369611
   -0.290547
   -0.336322
   -0.355894
   -0.442939
   -0.473717
   -0.418709
   -0.422253
   -0.426579
   -0.343107
   -0.335124
   -0.314692
   -0.381656
   -0.445969
   -0.432916
   -0.422067
   -0.398117
   -0.466607
   -0.499713
    -0.47251
   -0.493991
    -0.42364
   -0.388349
   -0.403491
   -0.333881
   -0.442196
   -0.409975
   -0.398158
   -0.370315
   -0.388624
   -0.404568
   -0.421354
   -0.414033
   -0.448472
   -0.428836
   -0.415169
   -0.436789
   -0.390997
   -0.429648
   -0.344244
   -0.307243
   -0.315887
   -0.282581
   -0.355595
   -0.418079
   -0.404644
   -0.409107
   -0.373194
   -0.362092
   -0.437614
   -0.359858
   -0.395799
   -0.373992
   -0.373596
   -0.428411
   -0.388004
   -0.382397
   -0.376192
   -0.437833
   -0.393257
   -0.333622
    -0.40942
   -0.445352
    -0.44973
   -0.487639
   -0.500876
   -0.476576
   -0.551867
   -0.607886
   -0.534857
   -0.531766
   -0.496906
   -0.432064
   -0.462415
   -0.426119
   -0.407738
   -0.462048
   -0.406482
   -0.341829
   -0.371174
   -0.355912
   -0.353421
   -0.331559
   -0.389172
   -0.429606
   -0.427583
   -0.398504
   -0.421944
   -0.488091
   -0.415863
   -0.448255
   -0.450368
    -0.42859
   -0.408599
   -0.400796
   -0.418015
   -0.389686
   -0.380614
   -0.335127
   -0.397912
   -0.366541
   -0.366412
   -0.457711
   -0.373588
   -0.381119
    -0.37196
   -0.421206
   -0.475224
   -0.436991
   -0.437035
   -0.433372
   -0.387853
   -0.450906
   -0.464129
   -0.444806
   -0.435787
   -0.403284
   -0.425399
   -0.435292
   -0.432623
   -0.446151
   -0.435766
   -0.474421
   -0.412385
   -0.470033
   -0.476434
   -0.443529
   -0.509491
   -0.477068
   -0.442928
   -0.411469
   -0.432033
   -0.388024
   -0.450693
   -0.369736
   -0.405363
   -0.429249
   -0.419704
   -0.428309
   -0.509434
   -0.536815
   -0.455369
   -0.400173
   -0.475749
   -0.492892
   -0.487427
   -0.475715
   -0.473336
   -0.428185
   -0.376483
   -0.352345
   -0.391889
   -0.348501
    -0.34989
   -0.345859
   -0.313379
   -0.403132
   -0.356296
   -0.367553
    -0.37075
   -0.428712
    -0.42089
   -0.409249
   -0.493446
   -0.494603
   -0.450924
   -0.462698
   -0.433488
   -0.532794
   -0.463909
   -0.466465
   -0.418816
   -0.423744
   -0.358215
   -0.363137
   -0.356322
   -0.369789
   -0.365632
   -0.395441
   -0.419625
   -0.475536
   -0.469298
   -0.447185
   -0.562601
   -0.511757
    -0.44009
   -0.374965
   -0.415104
   -0.422759
   -0.419466
    -0.30474
   -0.373359
   -0.336007
   -0.351978
   -0.405995
   -0.354917
   -0.302098
   -0.427206
   -0.379108
   -0.402913
   -0.334596
   -0.334925
   -0.379815
   -0.420647
   -0.376797
   -0.507348
   -0.500744
   -0.468699
   -0.419637
   -0.392069
   -0.419019
   -0.376665
   -0.463161
   -0.419093
   -0.384784
   -0.380387
   -0.406868
   -0.405091
   -0.433762
   -0.477952
   -0.461424
   -0.409051
   -0.464769
   -0.451083
   -0.483081
   -0.536593
   -0.479808
   -0.433357
   -0.421213
   -0.381211
   -0.390385
   -0.353367
    -0.26391
   -0.318012
   -0.413921
   -0.458766
   -0.429354
   -0.441629
   -0.410235
   -0.400406
    -0.40902
   -0.352024
   -0.342601
   -0.359783
   -0.356315
   -0.442349
   -0.382924
   -0.380612
   -0.413889
   -0.415329
   -0.361084
   -0.370868
   -0.357154
   -0.403074
    -0.36489
   -0.386595
   -0.439804
   -0.478675
   -0.496923
   -0.452958
   -0.410755
   -0.422186
   -0.351363
   -0.390608
   -0.332308
   -0.354103
   -0.375786
    -0.39557
    -0.43261
   -0.439031
   -0.500728
   -0.409163
   -0.397189
   -0.364337
   -0.353707
   -0.376869
   -0.416235
   -0.415511
   -0.411417
   -0.357543
   -0.358761
   -0.382434
   -0.345557
   -0.346946
   -0.375242
   -0.395883
   -0.383147
   -0.399859
   -0.416897
   -0.396312
   -0.442808
   -0.406077
   -0.404228
    -0.39576
   -0.343324
   -0.407138
    -0.45433
   -0.449562
   -0.408296
   -0.384586
   -0.402487
   -0.421053
   -0.435224
   -0.395658
   -0.389943
   -0.389807
   -0.337564
   -0.432787
   -0.398029
   -0.461275
   -0.435703
   -0.361171
   -0.341902
      -0.398
   -0.402229
   -0.480821
   -0.510227
    -0.48046
   -0.467359
   -0.504072
   -0.513344
   -0.444645
   -0.406007
   -0.486165
   -0.462765
   -0.396104
   -0.423238
   -0.340466
   -0.490566
   -0.395747
   -0.399933
   -0.307375
   -0.359753
   -0.361462
   -0.418499
   -0.369919
    -0.36386
   -0.339792
   -0.357862
   -0.310552
   -0.307193
   -0.379111
   -0.386197
   -0.409443
   -0.344652
   -0.372575
   -0.436725
   -0.445291
   -0.482617
   -0.404021
   -0.446931
   -0.340387
    -0.38445
     -0.3699
   -0.353495
   -0.337763
   -0.335459
    -0.35715
   -0.398055
   -0.381454
   -0.384254
   -0.392466
   -0.416272
   -0.406282
   -0.316555
   -0.382829
   -0.380721
   -0.420125
   -0.408598
   -0.415244
   -0.441417
   -0.364195
    -0.32567
   -0.394121
   -0.400018
   -0.406943
   -0.424263
    -0.38847
   -0.376092
   -0.425395
   -0.374193
    -0.41247
   -0.406964
   -0.373523
   -0.401878
   -0.380455
   -0.393176
   -0.509651
   -0.443614
   -0.506594
   -0.502184
     -0.4519
   -0.448124
    -0.40413
   -0.405672
   -0.438238
    -0.45237
   -0.562594
   -0.494436
   -0.466304
   -0.481948
   -0.503986
   -0.522367
     -0.5254
   -0.401309
   -0.394964
   -0.401864
   -0.432191
   -0.422034
    -0.35362
   -0.347671
   -0.366662
   -0.377774
   -0.375495
   -0.369739
   -0.464765
   -0.424418
   -0.519122
   -0.557708
   -0.552893
   -0.553284
   -0.432448
   -0.510325
   -0.453816
   -0.426765
   -0.433738
   -0.390645
   -0.402343
   -0.374002
   -0.442277
   -0.487276
    -0.44208
   -0.384964
    -0.36602
   -0.352698
   -0.342689
   -0.384805
   -0.463196
   -0.404594
   -0.412164
   -0.470479
    -0.38382
   -0.415624
    -0.38249
   -0.401878
   -0.446067
   -0.456214
   -0.421313
   -0.381628
   -0.463159
   -0.451692
   -0.401268
   -0.353691
   -0.329551
   -0.394793
   -0.460135
   -0.398433
   -0.428065
   -0.506682
   -0.516507
   -0.451638
   -0.413178
   -0.416276
   -0.379091
   -0.397102
   -0.397888
   -0.511276
   -0.512795
   -0.461719
    -0.42649
   -0.508163
   -0.446894
    -0.49095
   -0.491304
   -0.424844
   -0.405338
   -0.402006
   -0.507403
   -0.405658
   -0.431177
   -0.450592
   -0.478816
   -0.508919
   -0.454689
   -0.482688
   -0.440352
    -0.44054
    -0.41862
   -0.466412
   -0.448113
   -0.405119
    -0.43053
   -0.493181
   -0.444405
   -0.378565
    -0.43755
   -0.356661
    -0.36517
   -0.380635
    -0.37033
   -0.294475
   -0.318765
   -0.341615
   -0.296662
    -0.32349
   -0.339008
   -0.325863
   -0.279745
   -0.402576
   -0.424869
   -0.333649
   -0.332017
   -0.367904
   -0.436852
   -0.388258
   -0.418782
   -0.459804
   -0.441375
     -0.3534
   -0.403846
   -0.438075
   -0.394061
   -0.410049
   -0.432223
   -0.403616
   -0.394036
    -0.38662
   -0.412025
   -0.463516
   -0.422833
   -0.381381
   -0.396018
   -0.429738
   -0.488607
   -0.552264
   -0.538639
   -0.599943
   -0.534013
   -0.519825
   -0.475748
   -0.404101
    -0.49375
   -0.474089
   -0.470265
    -0.46067
   -0.437654
   -0.478305
   -0.396073
   -0.454465
   -0.442402
   -0.430306
   -0.472763
    -0.48122
   -0.371571
   -0.406042
    -0.31979
   -0.347312
   -0.422066
   -0.460654
   -0.478586
   -0.451401
   -0.477337
   -0.441982
   -0.489492
   -0.552316
   -0.447602
   -0.441266
   -0.538049
   -0.448745
   -0.422499
   -0.395827
   -0.427968
   -0.389482
   -0.425928
   -0.362977
   -0.410946
   -0.391431
    -0.38839
    -0.46548
   -0.462564
   -0.391011
   -0.450328
   -0.385451
   -0.441395
    -0.45128
   -0.472303
   -0.488073
   -0.472055
   -0.464269
   -0.423841
   -0.421079
   -0.434829
    -0.44959
   -0.371869
   -0.420216
   -0.360185
   -0.370292
   -0.398812
   -0.398612
   -0.476986
   -0.458546
   -0.458556
    -0.46379
   -0.374768
   -0.394328
   -0.318895
   -0.311825
   -0.433595
   -0.396762
   -0.383682
   -0.370018
   -0.361858
   -0.283996
   -0.392711
   -0.374774
   -0.416482
   -0.456449
   -0.452892
   -0.408263
   -0.352392
   -0.379999
   -0.364823
   -0.394215
   -0.378576
   -0.456099
   -0.471475
   -0.435076
   -0.449315
   -0.441509
   -0.472422
    -0.37554
   -0.347577
   -0.426271
   -0.438817
   -0.364385
   -0.360115
   -0.377411
   -0.372149
   -0.391265
   -0.399997
   -0.414994
   -0.479768
   -0.476187
   -0.566449
    -0.42751
   -0.414484
   -0.416455
   -0.406657
   -0.341996
   -0.416624
   -0.440828
   -0.366438
   -0.460751
   -0.461256
   -0.449591
   -0.485843
   -0.408476
   -0.356203
   -0.443133
   -0.424047
   -0.438675
   -0.473869
   -0.462006
   -0.411459
   -0.437531
   -0.415332
   -0.434853
   -0.488464
    -0.44895
   -0.479669
   -0.487579
   -0.470545
   -0.370071
   -0.365926
   -0.302896
    -0.35731
   -0.351692
   -0.355673
   -0.443911
    -0.37286
   -0.437018
   -0.350084
   -0.281993
   -0.311014
   -0.356742
   -0.393623
   -0.418079
   -0.386788
   -0.387609
   -0.385776
   -0.378728
   -0.383306
   -0.359159
   -0.392284
   -0.343777
   -0.342874
   -0.377499
   -0.394779
   -0.423255
   -0.485413
   -0.382169
   -0.369594
   -0.411852
   -0.376143
   -0.311765
   -0.362396
   -0.357617
   -0.343187
   -0.397045
   -0.321673
   -0.346048
   -0.375679
   -0.420081
   -0.406017
   -0.428904
   -0.400674
   -0.342925
   -0.374157
   -0.395564
   -0.404927
    -0.34784
   -0.360531
   -0.382103
    -0.38688
   -0.324759
      -0.299
   -0.433257
   -0.480692
   -0.418062
   -0.331746
   -0.350353
    -0.33491
   -0.399471
   -0.414452
   -0.413066
   -0.423635
   -0.442159
   -0.415021
   -0.396201
   -0.356932
   -0.419572
    -0.45487
   -0.459563
   -0.458116
   -0.489824
   -0.496704
   -0.444944
   -0.417377
   -0.422018
   -0.369956
    -0.39422
   -0.436577
   -0.450134
    -0.40994
   -0.404829
   -0.454914
   -0.438957
   -0.376302
   -0.392563
   -0.336621
   -0.393001
   -0.374029
   -0.359724
   -0.337239
   -0.367947
   -0.389719
   -0.388598
   -0.506253
   -0.569467
   -0.511112
   -0.430732
   -0.480443
   -0.539057
   -0.506711
   -0.578548
   -0.444642
   -0.474537
   -0.415104
   -0.358575
    -0.40264
   -0.415203
   -0.373464
   -0.354465
   -0.431378
   -0.401856
   -0.383023
   -0.345731
   -0.356958
   -0.383739
   -0.418116
   -0.325432
   -0.338972
   -0.340998
   -0.324719
   -0.343819
     -0.3232
   -0.336963
   -0.340858
   -0.356246
   -0.342663
    -0.42803
   -0.404741
   -0.363678
   -0.385366
   -0.397596
   -0.417872
   -0.420961
   -0.374305
   -0.442866
   -0.356894
   -0.362631
   -0.393063
   -0.349276
   -0.435682
   -0.457029
   -0.458698
   -0.393552
   -0.454361
   -0.431843
   -0.470702
   -0.431708
   -0.438573
   -0.376666
   -0.322087
   -0.456386
    -0.41916
   -0.416548
   -0.400601
   -0.382848
   -0.431965
   -0.401821
    -0.42555
   -0.431708
   -0.331343
   -0.338765
   -0.395209
   -0.384113
   -0.361664
   -0.400327
   -0.358688
   -0.377436
   -0.358419
   -0.354928
   -0.407994
   -0.431154
   -0.380341
   -0.399817
   -0.470838
   -0.436755
   -0.481646
   -0.474088
   -0.457629
    -0.45076
   -0.435059
   -0.445812
   -0.507701
   -0.446191
   -0.350868
   -0.403908
   -0.472754
   -0.444107
   -0.443722
   -0.468139
   -0.496429
   -0.462552
   -0.462109
   -0.466456
   -0.481695
   -0.494508
   -0.402881
   -0.380525
    -0.50455
   -0.436862
   -0.356173
   -0.337628
   -0.480478
   -0.440498
    -0.42003
   -0.434388
   -0.457658
   -0.428278
   -0.463689
   -0.429556
   -0.471977
    -0.40954
   -0.346789
   -0.428081
   -0.501386
   -0.421771
   -0.478647
   -0.441164
   -0.465349
   -0.379594
   -0.435654
   -0.539301
    -0.44134
   -0.465451
   -0.414222
   -0.370778
    -0.39427
   -0.427997
   -0.417464
   -0.426895
    -0.38724
   -0.396286
   -0.356025
   -0.333082
   -0.421973
   -0.436262
   -0.419441
   -0.402799
   -0.403328
   -0.394384
   -0.417052
   -0.444068
   -0.354041
   -0.300998
   -0.293909
   -0.344863
   -0.383764
   -0.377291
   -0.343887
   -0.368494
   -0.414883
   -0.370414
   -0.379198
   -0.387396
   -0.319139
   -0.392997
   -0.339842
   -0.385532
   -0.379931
   -0.409969
   -0.309229
   -0.333381
   -0.351934
   -0.408171
   -0.411974
    -0.38203
    -0.41931
    -0.44162
   -0.474261
   -0.429996
   -0.373285
   -0.366523
   -0.364254
   -0.398607
   -0.427203
   -0.374172
   -0.398872
   -0.350413
   -0.372368
   -0.425099
   -0.452039
   -0.425635
   -0.369803
   -0.445169
   -0.396245
   -0.404513
   -0.345091
   -0.428229
   -0.501408
   -0.438666
    -0.48132
   -0.487687
   -0.461559
   -0.345277
   -0.416489
   -0.393116
   -0.357857
   -0.376419
   -0.352161
   -0.452416
    -0.46368
   -0.521182
   -0.449978
   -0.421854
   -0.388087
   -0.432637
   -0.415718
   -0.416891
   -0.446108
   -0.392886
   -0.361881
   -0.372533
     -0.4197
   -0.472188
   -0.462787
   -0.468266
   -0.550361
   -0.620925
   -0.629616
   -0.491026
   -0.439588
    -0.40779
   -0.458255
   -0.379215
    -0.41676
   -0.366478
   -0.414401
   -0.321655
   -0.344928
   -0.311038
    -0.32042
   -0.353501
   -0.379227
   -0.397676
   -0.347942
   -0.349468
   -0.407573
   -0.480858
   -0.452585
   -0.468268
    -0.40603
    -0.38109
   -0.350856
   -0.381875
    -0.38567
   -0.346875
   -0.281266
   -0.351169
   -0.375891
   -0.348356
   -0.409991
    -0.37385
   -0.395027
   -0.391758
   -0.370207
   -0.321875
   -0.382046
   -0.343098
   -0.403314
   -0.379997
   -0.422346
   -0.373672
   -0.335101
   -0.355158
   -0.371396
   -0.325436
    -0.36612
   -0.323163
   -0.313193
   -0.329529
   -0.397087
   -0.379571
   -0.363289
   -0.424098
   -0.424993
   -0.398799
    -0.45312
   -0.401938
   -0.366921
    -0.40692
   -0.437726
    -0.40116
   -0.404232
   -0.399993
   -0.453057
   -0.406553
   -0.427778
   -0.448062
   -0.462869
   -0.414391
   -0.499364
   -0.489531
   -0.506618
   -0.473589
   -0.438844
   -0.418513
    -0.39046
   -0.388868
   -0.408382
   -0.382632
   -0.375907
   -0.358955
   -0.393783
   -0.355801
   -0.381994
   -0.478787
   -0.467201
   -0.416106
   -0.344114
   -0.505508
   -0.501417
   -0.539884
   -0.543777
   -0.411399
   -0.440279
   -0.400642
   -0.414352
   -0.400781
   -0.385857
   -0.391496
   -0.341248
   -0.425233
   -0.443539
   -0.421888
   -0.432711
   -0.408728
    -0.38087
    -0.40158
   -0.441883
   -0.373486
   -0.399448
   -0.443967
   -0.358284
   -0.438296
   -0.419797
   -0.416137
   -0.354445
   -0.416551
   -0.390965
   -0.448588
   -0.441678
   -0.435528
   -0.400625
   -0.345323
   -0.323725
   -0.353103
    -0.38786
   -0.385039
   -0.313345
   -0.370601
   -0.334603
   -0.374649
   -0.296139
   -0.338151
   -0.386726
   -0.409595
   -0.366751
    -0.30954
   -0.340717
   -0.348949
   -0.343484
   -0.396055
   -0.348949
    -0.31035
   -0.254766
   -0.349525
   -0.333022
    -0.40342
   -0.440373
   -0.414775
   -0.392107
   -0.427995
   -0.415862
   -0.407343
   -0.471507
   -0.442018
   -0.407078
   -0.361014
   -0.448817
   -0.419949
   -0.365253
   -0.443352
   -0.460645
   -0.465127
   -0.390226
   -0.390403
   -0.322884
   -0.398053
   -0.413072
    -0.42318
   -0.363074
    -0.40185
   -0.397412
   -0.372696
   -0.397691
   -0.360926
   -0.400168
   -0.388796
   -0.454015
   -0.408584
   -0.396973
    -0.44776
   -0.531969
   -0.539598
   -0.546058
   -0.508481
   -0.428741
   -0.355761
   -0.347319
   -0.346122
   -0.400732
   -0.356718
   -0.409486
   -0.441588
   -0.406462
   -0.407718
   -0.412506
   -0.401468
   -0.406129
   -0.384284
   -0.353937
   -0.358158
   -0.362922
   -0.450046
   -0.428575
   -0.452145
   -0.394567
   -0.450471
    -0.43803
   -0.427941
   -0.420579
    -0.39983
   -0.380526
   -0.401744
   -0.387049
   -0.405554
   -0.389644
   -0.433312
   -0.441132
   -0.376795
    -0.45687
   -0.502398
   -0.477062
   -0.452865
   -0.405742
   -0.404659
   -0.378367
   -0.334949
   -0.386251
   -0.484668
   -0.516802
   -0.465822
   -0.404507
   -0.452659
   -0.433072
   -0.433976
   -0.447485
   -0.430319
   -0.470784
   -0.513849
   -0.488528
   -0.421878
   -0.383604
   -0.368246
   -0.329742
   -0.342893
   -0.340854
   -0.354469
   -0.375198
   -0.381396
    -0.42213
   -0.394445
   -0.405597
   -0.374833
   -0.417999
   -0.365724
   -0.401652
   -0.428297
   -0.417722
   -0.429197
   -0.339462
   -0.342858
   -0.322479
   -0.386591
   -0.378033
   -0.365814
   -0.395094
   -0.349152
   -0.352006
   -0.362413
   -0.317618
   -0.358395
   -0.312393
   -0.409549
   -0.438427
   -0.446248
   -0.431658
   -0.393197
   -0.385414
   -0.460563
   -0.447913
   -0.443968
    -0.47671
   -0.527409
   -0.534688
   -0.510251
   -0.530272
    -0.58123
   -0.584489
    -0.57292
   -0.566671
   -0.543519
   -0.536239
   -0.465617
   -0.473649
   -0.423659
   -0.333199
   -0.310168
   -0.343216
   -0.395971
   -0.452739
    -0.45325
   -0.444888
   -0.443429
    -0.36531
   -0.406539
   -0.358737
   -0.358409
   -0.383782
   -0.450057
   -0.519134
   -0.461613
   -0.441107
   -0.448077
   -0.438829
   -0.424519
   -0.370487
   -0.402337
   -0.487149
   -0.424234
   -0.420918
    -0.40842
   -0.387781
   -0.424373
   -0.480496
   -0.371772
   -0.399516
    -0.39584
   -0.354659
   -0.343396
   -0.395603
   -0.403992
   -0.427452
   -0.413657
   -0.416161
   -0.447652
   -0.440984
    -0.39052
   -0.379334
   -0.471603
   -0.426178
    -0.48991
   -0.481664
   -0.411821
   -0.430289
   -0.416196
   -0.356081
   -0.390464
   -0.368504
   -0.394081
   -0.452834
   -0.429867
   -0.428749
   -0.408461
   -0.386533
   -0.409589
   -0.373462
   -0.433132
   -0.348268
   -0.464879
   -0.324082
   -0.301705
   -0.381778
   -0.355355
   -0.326864
     -0.3448
   -0.364349
   -0.322335
   -0.395049
   -0.425314
   -0.462045
   -0.480666
   -0.455011
   -0.461567
   -0.496604
   -0.489855
   -0.443406
   -0.378264
   -0.386617
   -0.361842
    -0.35922
   -0.369077
   -0.359287
   -0.411851
   -0.397437
    -0.33327
    -0.43871
   -0.436975
   -0.417242
   -0.443062
   -0.401669
   -0.431725
   -0.472933
   -0.417015
   -0.435775
   -0.374803
    -0.35403
   -0.401931
   -0.364881
   -0.427034
   -0.435899
   -0.453482
   -0.395281
    -0.37791
   -0.471906
   -0.480992
   -0.406012
   -0.411587
   -0.341066
   -0.325371
   -0.374445
   -0.408514
   -0.411691
   -0.416758
   -0.383832
   -0.414167
   -0.316084
   -0.416997
    -0.45003
   -0.464469
   -0.466613
   -0.445121
   -0.475715
   -0.492153
   -0.441764
   -0.401946
   -0.411754
   -0.429131
   -0.431945
   -0.443729
   -0.433953
   -0.425918
   -0.448694
   -0.401155
   -0.378376
   -0.415389
   -0.423351
   -0.416568
   -0.394177
   -0.461585
   -0.423787
   -0.349596
   -0.390936
   -0.353654
   -0.386761
     -0.3465
   -0.430632
   -0.397537
    -0.41513
    -0.44732
   -0.436083
    -0.41282
    -0.41346
   -0.433623
   -0.407343
   -0.371674
   -0.370917
    -0.39315
   -0.369462
   -0.414084
   -0.409073
   -0.358807
   -0.397524
   -0.383205
   -0.334245
   -0.430333
   -0.499536
   -0.424334
   -0.429008
    -0.40338
    -0.41304
   -0.448371
   -0.393289
    -0.38406
   -0.448314
   -0.448334
    -0.42219
    -0.45163
   -0.419204
   -0.396643
   -0.321114
   -0.411492
   -0.356808
    -0.36089
   -0.461431
   -0.458877
   -0.482923
   -0.489587
   -0.468832
   -0.432149
   -0.340371
   -0.363246
   -0.371044
    -0.38988
     -0.4643
   -0.402481
   -0.426098
   -0.379557
   -0.482984
   -0.461755
   -0.484969
   -0.398763
   -0.346334
   -0.414655
   -0.433978
   -0.346604
   -0.352201
    -0.36318
   -0.365546
   -0.302048
   -0.455566
   -0.491367
   -0.474641
   -0.393457
   -0.469489
   -0.403064
   -0.433989
   -0.492852
   -0.479401
   -0.417807
   -0.359373
   -0.420407
   -0.478706
   -0.442463
   -0.495245
   -0.467457
   -0.459154
   -0.455297
   -0.434627
   -0.465858
    -0.46708
   -0.394708
   -0.362729
   -0.331078
   -0.326122
   -0.355666
   -0.411858
   -0.357322
   -0.410858
   -0.498737
   -0.448267
   -0.358507
   -0.382002
   -0.376568
   -0.422382
   -0.467545
   -0.390027
   -0.337559
   -0.309443
   -0.358729
   -0.353923
   -0.317344
   -0.291704
   -0.359341
   -0.370593
   -0.400705
   -0.406066
   -0.342285
   -0.395925
   -0.410532
   -0.482701
   -0.446856
   -0.441967
   -0.445999
   -0.395349
   -0.384394
   -0.340367
   -0.381543
    -0.45111
   -0.382949
   -0.349463
   -0.401413
   -0.348244
   -0.405865
   -0.415627
   -0.386122
   -0.459659
   -0.411068
    -0.42204
   -0.402334
   -0.378657
   -0.409598
    -0.38073
   -0.392132
   -0.365113
   -0.380994
   -0.373736
   -0.320285
   -0.386733
   -0.474926
   -0.403144
   -0.398254
   -0.361391
   -0.450252
   -0.461575
   -0.446858
   -0.461316
   -0.423566
   -0.464577
   -0.398217
   -0.400253
   -0.426948
    -0.41838
   -0.342899
   -0.401429
   -0.348183
   -0.401185
   -0.424852
   -0.475464
   -0.541971
   -0.459166
   -0.453868
   -0.447495
   -0.441141
   -0.361475
   -0.504774
   -0.506922
   -0.381324
   -0.447017
   -0.462966
   -0.453916
   -0.464339
   -0.423511
   -0.400896
   -0.349591
   -0.378265
    -0.40212
   -0.405944
   -0.419556
   -0.319879
   -0.379657
   -0.334944
   -0.376348
   -0.345052
   -0.374799
   -0.340533
   -0.352872
    -0.34559
   -0.392584
   -0.409023
   -0.425846
   -0.415026
   -0.403845
    -0.34613
    -0.37564
   -0.301842
   -0.297735
   -0.337078
   -0.387727
   -0.450864
     -0.4779
   -0.455145
   -0.425396
   -0.477851
   -0.488654
   -0.472566
   -0.458664
   -0.484782
   -0.449132
   -0.476734
   -0.435022
   -0.412892
   -0.386187
   -0.417542
    -0.40349
   -0.398478
   -0.426613
   -0.458358
   -0.406076
   -0.456389
    -0.41038
   -0.398951
   -0.440523
   -0.341833
   -0.341674
     -0.3198
   -0.315011
    -0.37707
   -0.403662
   -0.378386
   -0.388303
   -0.408791
   -0.405321
   -0.439409
   -0.473402
   -0.384391
   -0.398728
   -0.435449
   -0.368638
   -0.362162
   -0.363435
   -0.368542
   -0.423509
   -0.396345
   -0.400612
   -0.419654
   -0.392348
    -0.41165
   -0.348337
   -0.357209
   -0.421582
   -0.405247
    -0.44964
   -0.391347
   -0.389899
   -0.378374
   -0.375411
    -0.39717
   -0.401423
   -0.374258
   -0.393241
    -0.38389
    -0.38404
   -0.397211
   -0.421204
   -0.434663
   -0.468016
   -0.456529
    -0.40549
   -0.391455
   -0.391402
   -0.378823
   -0.372485
    -0.37918
   -0.365301
   -0.385427
   -0.372159
   -0.419294
   -0.417225
   -0.396367
   -0.475061
   -0.405359
   -0.429655
    -0.42351
   -0.415833
    -0.38867
   -0.350714
   -0.398801
   -0.388474
   -0.388787
   -0.341466
   -0.342756
   -0.368378
   -0.350873
   -0.401597
   -0.376475
   -0.484325
   -0.382362
   -0.391589
   -0.364542
   -0.443614
   -0.435726
   -0.356366
   -0.373557
   -0.390028
   -0.407425
   -0.380426
   -0.394565
   -0.361995
   -0.415556
   -0.420877
   -0.395653
   -0.430755
   -0.378595
   -0.385279
   -0.390261
   -0.446924
   -0.448114
   -0.411144
   -0.436008
   -0.341888
   -0.343591
   -0.348128
   -0.340164
   -0.428733
   -0.457919
   -0.496008
   -0.470445
   -0.409179
   -0.325141
   -0.302536
   -0.287819
   -0.338515
   -0.300104
   -0.455084
   -0.351129
   -0.398721
   -0.459551
   -0.426893
   -0.402092
   -0.406118
   -0.442434
    -0.41026
   -0.376213
    -0.32546
   -0.385264
   -0.315748
   -0.387245
   -0.377432
   -0.440992
   -0.461344
    -0.42909
   -0.386302
   -0.392501
   -0.388091
   -0.399109
   -0.411862
   -0.440386
   -0.378612
   -0.354457
   -0.366358
   -0.475373
   -0.432377
   -0.442691
   -0.394013
   -0.500785
   -0.440273
       -0.43
   -0.493827
   -0.426428
   -0.380496
   -0.353198
   -0.444186
   -0.392271
   -0.419142
   -0.466097
   -0.412992
   -0.382502
   -0.439957
   -0.399907
   -0.450062
   -0.505838
   -0.471489
   -0.501698
    -0.42424
   -0.353839
   -0.407632
   -0.394979
    -0.36287
   -0.396123
   -0.353704
   -0.363312
   -0.450977
   -0.393137
   -0.357697
   -0.369885
   -0.415159
   -0.439755
   -0.461041
   -0.519088
   -0.494152
   -0.511403
   -0.464288
   -0.470505
   -0.441047
   -0.314832
   -0.370168
   -0.462553
   -0.500312
   -0.404399
   -0.412902
   -0.416009
   -0.349495
   -0.410337
   -0.451133
   -0.455622
   -0.446309
   -0.438851
   -0.448893
   -0.451241
   -0.391791
   -0.457583
   -0.444167
   -0.424444
   -0.403185
   -0.383322
   -0.394228
   -0.352479
   -0.429576
   -0.390835
    -0.36716
   -0.403837
   -0.384126
   -0.432143
   -0.390987
   -0.377881
   -0.369213
   -0.362178
   -0.390546
   -0.362723
   -0.418609
   -0.420846
   -0.456836
   -0.452134
    -0.38091
   -0.386041
   -0.420372
   -0.410716
   -0.440594
   -0.404001
    -0.39988
   -0.395976
   -0.358277
   -0.431656
   -0.400143
   -0.287153
   -0.340695
   -0.396693
   -0.477054
   -0.506089
   -0.480172
   -0.406869
   -0.348285
   -0.345971
   -0.349663
   -0.428814
   -0.511396
   -0.483832
   -0.444361
   -0.462772
   -0.424456
   -0.425964
   -0.436222
   -0.372581
   -0.426866
    -0.43816
   -0.378881
   -0.389657
   -0.377298
   -0.388373
   -0.360983
   -0.306539
   -0.417531
   -0.469719
    -0.51999
   -0.503057
   -0.499915
   -0.527784
   -0.500969
   -0.470885
   -0.368998
   -0.369896
   -0.366663
   -0.443595
   -0.480773
   -0.368261
   -0.387039
   -0.400951
   -0.425326
   -0.406898
   -0.399489
   -0.409981
    -0.41208
   -0.407224
    -0.48045
   -0.478958
   -0.447826
   -0.426917
   -0.395479
   -0.388534
   -0.380603
   -0.347673
   -0.457574
   -0.427683
   -0.343603
   -0.473605
   -0.445949
   -0.427768
   -0.443229
   -0.421837
   -0.461127
   -0.498128
   -0.496711
   -0.542688
   -0.483738
   -0.461085
   -0.503954
   -0.436751
   -0.364861
   -0.416317
   -0.409588
   -0.398489
   -0.353032
   -0.351611
   -0.395549
   -0.401823
     -0.3875
    -0.38948
   -0.394004
   -0.370174
   -0.366686
   -0.425837
   -0.409127
   -0.375894
   -0.400976
   -0.350421
   -0.359268
   -0.407627
   -0.436084
   -0.372249
    -0.46383
   -0.472294
   -0.476685
   -0.459793
   -0.427672
    -0.45036
   -0.389572
   -0.391166
   -0.387069
   -0.486469
   -0.449039
   -0.407248
   -0.453721
   -0.360767
    -0.43652
    -0.41134
   -0.444493
   -0.458564
   -0.460217
   -0.436085
   -0.444845
   -0.461599
   -0.475678
   -0.371725
   -0.416414
   -0.423384
   -0.330216
   -0.398643
    -0.37637
   -0.384553
   -0.399138
   -0.378418
   -0.356544
   -0.371423
   -0.380481
   -0.424421
   -0.362514
   -0.376527
   -0.402843
   -0.342641
   -0.315448
   -0.388539
   -0.439076
   -0.379593
   -0.379706
   -0.468748
   -0.453042
   -0.427375
    -0.32738
    -0.45566
   -0.412345
   -0.426492
   -0.404094
   -0.373423
   -0.419965
   -0.343485
   -0.329699
   -0.352659
   -0.401211
   -0.371578
   -0.437922
   -0.413772
   -0.342009
   -0.378486
   -0.316636
   -0.349393
   -0.379506
   -0.365283
   -0.354665
   -0.361404
   -0.390591
   -0.378747
   -0.407497
   -0.338787
   -0.367006
   -0.305485
   -0.369772
   -0.422199
   -0.410786
   -0.456321
   -0.425963
   -0.407409
   -0.483736
   -0.405843
   -0.403791
   -0.393093
   -0.399453
   -0.427511
   -0.454929
   -0.413963
   -0.396223
   -0.370006
   -0.436645
   -0.420744
   -0.351705
   -0.376045
   -0.438813
   -0.405317
   -0.372348
   -0.437189
   -0.432959
    -0.41519
   -0.431599
   -0.379484
   -0.399425
   -0.381648
   -0.428751
   -0.355439
   -0.345487
   -0.337466
   -0.442841
   -0.441021
      -0.429
   -0.422164
   -0.428275
   -0.441679
   -0.482455
    -0.41586
   -0.421925
   -0.457864
    -0.45709
   -0.378354
   -0.396452
    -0.36562
   -0.349873
   -0.373138
   -0.361061
    -0.34176
   -0.270702
   -0.428964
   -0.417257
    -0.42314
    -0.44421
   -0.469181
   -0.473272
   -0.491021
   -0.446234
   -0.389072
   -0.395484
   -0.334563
   -0.371836
    -0.39573
   -0.365998
   -0.342367
   -0.385034
   -0.344887
   -0.368111
   -0.353584
   -0.415773
   -0.381641
   -0.425415
   -0.458488
   -0.469197
   -0.446846
   -0.385775
   -0.453841
   -0.454463
   -0.525946
   -0.444703
   -0.415242
   -0.424629
   -0.464739
   -0.461131
   -0.489906
   -0.468899
   -0.408859
   -0.303429
   -0.285831
   -0.348002
   -0.350257
   -0.347806
   -0.397812
   -0.393604
   -0.403967
   -0.393553
   -0.359875
   -0.356836
   -0.364829
   -0.302484
   -0.309521
   -0.325175
   -0.344753
   -0.392174
   -0.422384
    -0.38119
   -0.350847
   -0.320304
   -0.374836
   -0.343196
   -0.365249
   -0.436126
    -0.45177
    -0.42876
    -0.45064
   -0.435297
   -0.451036
   -0.531256
   -0.559291
   -0.341858
   -0.376474
   -0.395333
   -0.359304
   -0.384085
   -0.428971
   -0.408422
   -0.375212
   -0.392883
   -0.374326
   -0.325527
   -0.342346
   -0.373194
    -0.38744
   -0.409405
   -0.403827
   -0.445312
   -0.342599
   -0.472828
   -0.427958
   -0.447593
   -0.458385
   -0.456567
   -0.405008
   -0.375618
   -0.398962
   -0.415414
     -0.4036
   -0.415361
   -0.423976
   -0.420731
   -0.361063
    -0.47341
   -0.573297
   -0.542911
   -0.431949
    -0.46845
   -0.452824
   -0.451372
   -0.412488
   -0.422293
   -0.368426
    -0.40974
   -0.364315
   -0.366386
   -0.387212
   -0.390944
   -0.412936
   -0.343999
   -0.311121
   -0.378602
   -0.359709
   -0.445084
    -0.46869
   -0.522642
   -0.467205
   -0.463847
   -0.457992
   -0.398602
   -0.392643
   -0.449502
   -0.384399
   -0.438643
    -0.41043
   -0.414667
   -0.410437
   -0.457552
   -0.431511
   -0.499659
   -0.489238
    -0.46102
   -0.512491
   -0.459913
   -0.412933
   -0.561205
   -0.527621
   -0.526086
   -0.454848
   -0.511461
   -0.438484
   -0.477573
   -0.432487
   -0.409274
   -0.422722
   -0.485248
   -0.385953
   -0.388211
   -0.420859
   -0.416073
   -0.472287
    -0.44424
    -0.36605
   -0.318677
   -0.406982
   -0.421446
   -0.393151
    -0.47363
     -0.5133
   -0.442225
   -0.424777
   -0.365032
    -0.33426
      -0.361
   -0.317089
    -0.34432
   -0.421046
   -0.392246
   -0.413921
    -0.46886
   -0.434255
   -0.374157
   -0.445731
   -0.425364
    -0.45832
   -0.451702
   -0.374241
   -0.442436
   -0.487695
   -0.492974
   -0.492621
   -0.387648
   -0.351045
   -0.357824
   -0.381214
   -0.419575
   -0.466488
    -0.43878
    -0.42644
   -0.397707
   -0.407935
    -0.45016
   -0.451791
   -0.498974
   -0.395599
   -0.419392
    -0.40598
   -0.367235
   -0.426775
   -0.370346
   -0.401142
   -0.374335
   -0.412227
    -0.37264
   -0.399607
    -0.41201
   -0.403793
   -0.352681
   -0.399423
   -0.396906
   -0.407746
   -0.370225
   -0.319248
   -0.324342
   -0.347587
   -0.375884
   -0.372008
   -0.340829
   -0.352444
   -0.411284
    -0.50017
   -0.488634
   -0.499436
   -0.489383
   -0.440068
   -0.372561
   -0.366686
   -0.420202
   -0.449036
    -0.45195
   -0.446476
   -0.478192
   -0.396773
   -0.458557
   -0.530317
   -0.493459
   -0.490742
   -0.507286
   -0.544648
   -0.536851
   -0.387326
   -0.401441
   -0.419957
   -0.375657
   -0.420528
   -0.409326
   -0.380169
   -0.397863
   -0.424273
   -0.363658
   -0.377472
   -0.364669
   -0.427681
   -0.383676
   -0.429306
   -0.448839
   -0.408617
   -0.440045
   -0.452618
   -0.474567
   -0.475432
   -0.526761
   -0.503647
    -0.50334
   -0.521969
   -0.508145
   -0.535383
   -0.463212
   -0.462364
   -0.506199
   -0.421106
   -0.317789
   -0.334626
   -0.335288
   -0.400355
   -0.325006
   -0.419699
   -0.445565
   -0.425663
   -0.412139
   -0.458062
   -0.388516
   -0.482918
   -0.438457
   -0.352355
   -0.385941
    -0.42376
   -0.428306
    -0.42225
   -0.390173
   -0.427388
   -0.425881
   -0.428682
   -0.392451
   -0.400628
   -0.431985
   -0.382279
   -0.326708
   -0.398448
   -0.388894
   -0.373443
    -0.37346
   -0.382583
   -0.456444
   -0.415523
   -0.432221
   -0.419266
   -0.412763
   -0.339629
   -0.418259
   -0.400602
   -0.452147
   -0.422757
   -0.351202
   -0.356159
   -0.372945
   -0.414246
   -0.369639
   -0.359952
   -0.360205
   -0.380045
   -0.331287
   -0.385379
   -0.385379
   -0.391742
   -0.429958
   -0.406661
   -0.394535
   -0.305008
   -0.405314
   -0.429801
   -0.380313
   -0.402423
   -0.383407
   -0.378659
   -0.362249
   -0.359145
   -0.396273
   -0.388892
   -0.405731
   -0.397412
   -0.446525
    -0.39936
   -0.331922
   -0.350892
   -0.385764
   -0.388169
   -0.359103
   -0.416785
   -0.423157
   -0.359399
   -0.371781
   -0.343542
   -0.353068
   -0.306902
   -0.360291
   -0.407072
   -0.392517
   -0.325509
    -0.30758
   -0.411996
    -0.40633
   -0.359302
   -0.354471
   -0.411704
   -0.411823
   -0.419762
   -0.397065
    -0.43885
   -0.446139
   -0.396914
   -0.387434
   -0.370333
   -0.389045
   -0.437407
   -0.477061
   -0.432478
    -0.40678
   -0.411286
   -0.407595
   -0.449941
   -0.463601
   -0.413788
   -0.359811
   -0.387178
   -0.369885
   -0.339821
   -0.367498
   -0.362143
   -0.345609
   -0.329051
    -0.34518
    -0.36329
   -0.399535
   -0.441212
   -0.444486
   -0.397442
   -0.379496
   -0.421825
   -0.400768
   -0.348891
   -0.449095
   -0.493251
   -0.449179
    -0.36852
   -0.369463
   -0.384876
    -0.39602
   -0.410258
   -0.398472
   -0.340187
   -0.339804
   -0.345772
   -0.382165
    -0.44958
   -0.381416
    -0.38264
   -0.296393
   -0.372974
   -0.342763
   -0.323137
   -0.372209
   -0.378317
   -0.381691
   -0.448298
    -0.41483
     -0.3563
   -0.377829
   -0.371951
   -0.391403
   -0.378167
   -0.359136
   -0.359114
    -0.43982
   -0.433748
    -0.43816
   -0.390202
   -0.409225
   -0.418161
   -0.420498
   -0.398213
    -0.38502
   -0.412772
   -0.389221
   -0.381208
   -0.414143
    -0.46118
   -0.435014
    -0.46359
   -0.430949
   -0.493883
   -0.488203
    -0.40971
   -0.397066
   -0.338735
   -0.321511
   -0.364958
   -0.413603
   -0.379417
   -0.433533
   -0.451975
   -0.426691
   -0.364374
   -0.398992
   -0.389536
   -0.466605
   -0.496392
   -0.496266
   -0.387599
   -0.386859
   -0.422152
   -0.364577
   -0.407375
   -0.404265
   -0.367684
   -0.326705
   -0.317822
   -0.358568
   -0.317261
   -0.327903
   -0.360065
   -0.493393
   -0.494582
   -0.536297
   -0.424078
   -0.349994
   -0.369547
   -0.455683
   -0.431611
    -0.44398
    -0.36909
   -0.483269
   -0.385434
   -0.454809
   -0.447126
   -0.503201
   -0.479039
   -0.489479
   -0.481215
   -0.498269
   -0.375851
   -0.347676
   -0.325424
   -0.373774
   -0.405547
   -0.410552
   -0.371615
   -0.351019
    -0.45419
    -0.50174
   -0.410842
   -0.399937
   -0.481393
   -0.535696
   -0.496504
   -0.501513
    -0.49995
   -0.384803
   -0.504748
   -0.399701
   -0.378717
   -0.396228
   -0.356132
   -0.420901
   -0.422548
   -0.341055
   -0.387001
   -0.356998
   -0.393125
   -0.420985
   -0.415393
   -0.460045
   -0.467508
   -0.372667
   -0.388518
   -0.357443
    -0.35936
   -0.354042
   -0.386887
   -0.414208
   -0.410617
   -0.358601
   -0.408964
   -0.378998
   -0.473404
   -0.413622
   -0.365882
   -0.337316
      -0.372
   -0.377021
   -0.399349
   -0.387719
   -0.374404
   -0.339509
    -0.37741
   -0.364802
   -0.440345
   -0.436777
   -0.424617
   -0.407503
    -0.36242
   -0.328748
   -0.344658
   -0.433425
   -0.387701
   -0.345262
   -0.404553
   -0.403474
   -0.389165
   -0.361018
    -0.31944
   -0.390559
   -0.400779
   -0.453283
   -0.445022
   -0.435663
   -0.426266
   -0.465795
   -0.558917
   -0.439195
   -0.414153
   -0.444078
   -0.382878
   -0.419742
   -0.409158
    -0.40912
    -0.42222
    -0.39238
   -0.407201
   -0.385443
   -0.408258
   -0.442125
   -0.355129
   -0.327429
    -0.35087
   -0.353467
   -0.327871
   -0.427387
   -0.397191
   -0.439974
   -0.470716
   -0.373992
   -0.408615
   -0.392018
   -0.393076
      -0.388
   -0.426738
   -0.467259
   -0.484943
   -0.487971
   -0.425396
   -0.420784
   -0.409269
   -0.427853
   -0.373176
   -0.426494
   -0.384308
   -0.422934
   -0.414392
   -0.436492
   -0.387074
   -0.437512
   -0.400136
   -0.385069
    -0.37986
   -0.418337
   -0.389312
   -0.389354
   -0.484749
   -0.466349
   -0.412174
   -0.458936
   -0.443081
   -0.341155
   -0.416692
   -0.403053
    -0.39627
   -0.376774
   -0.346052
   -0.376074
   -0.351389
   -0.422773
   -0.444846
   -0.424852
   -0.410745
   -0.429081
   -0.448136
   -0.362996
   -0.360484
   -0.378122
   -0.387131
    -0.34516
   -0.357083
   -0.352744
    -0.38621
   -0.430886
   -0.415715
   -0.478223
   -0.521377
   -0.438588
   -0.372014
   -0.331102
   -0.466136
   -0.514261
   -0.413833
   -0.470717
   -0.377665
   -0.413414
   -0.400136
   -0.450843
   -0.402084
   -0.425752
   -0.536602
   -0.423266
    -0.39755
    -0.37617
   -0.433328
   -0.448932
   -0.402839
   -0.365633
   -0.329875
    -0.34438
   -0.383023
   -0.410753
   -0.424036
   -0.386352
   -0.451905
   -0.425004
   -0.488415
   -0.408712
   -0.344606
   -0.410705
   -0.385079
    -0.36845
   -0.333878
    -0.42699
    -0.42105
   -0.459547
   -0.486234
   -0.414828
   -0.388458
   -0.401433
   -0.371596
   -0.404581
   -0.435031
   -0.353171
   -0.426762
   -0.368513
   -0.409864
    -0.45052
    -0.37018
   -0.458349
   -0.458442
     -0.4493
   -0.445673
   -0.391422
   -0.388441
   -0.379658
   -0.303792
   -0.357115
   -0.399628
   -0.474217
   -0.443772
   -0.401724
   -0.456543
   -0.310342
   -0.390172
   -0.439542
   -0.431034
   -0.484997
   -0.568068
   -0.543961
   -0.588358
   -0.523291
   -0.549756
   -0.536278
   -0.586142
   -0.467572
   -0.499752
   -0.489573
   -0.457798
   -0.492559
   -0.465675
     -0.4038
   -0.378321
   -0.397159
   -0.517293
   -0.494934
   -0.433458
   -0.464181
   -0.503077
   -0.438839
   -0.494281
   -0.462583
   -0.480286
   -0.387839
   -0.369776
   -0.375972
   -0.346393
   -0.340426
   -0.369482
    -0.40328
   -0.463273
   -0.507378
   -0.505598
   -0.441691
   -0.494573
   -0.394488
   -0.374404
   -0.434869
   -0.431847
    -0.39806
   -0.416581
   -0.390837
   -0.381151
   -0.409114
   -0.406865
   -0.396527
   -0.410982
   -0.397981
    -0.35235
   -0.396488
   -0.415619
   -0.445983
   -0.489909
   -0.482477
   -0.542183
   -0.452095
   -0.437905
   -0.405801
   -0.379772
   -0.324511
   -0.373245
   -0.353637
   -0.394275
     -0.4497
   -0.496914
   -0.509957
    -0.40597
   -0.453379
   -0.455733
   -0.453667
   -0.454151
   -0.395309
   -0.394889
   -0.321675
   -0.351053
   -0.338976
   -0.354721
   -0.358399
   -0.351739
   -0.415386
     -0.4742
   -0.411877
   -0.399565
   -0.341986
   -0.376643
   -0.394384
   -0.471134
    -0.41516
   -0.396916
   -0.417509
   -0.346638
   -0.342383
   -0.334318
   -0.456083
   -0.382636
   -0.406321
   -0.418039
    -0.42261
   -0.403798
   -0.473868
   -0.429556
   -0.493894
   -0.470624
    -0.44746
   -0.422723
   -0.525446
   -0.446771
   -0.396249
   -0.366703
   -0.330541
   -0.379909
   -0.420997
   -0.393875
   -0.375821
   -0.395734
   -0.407577
   -0.510004
   -0.525056
   -0.474505
   -0.486102
   -0.420916
   -0.466949
    -0.48218
   -0.405738
   -0.406847
   -0.474656
   -0.433877
   -0.363699
   -0.379659
    -0.35569
   -0.421847
   -0.380242
   -0.394788
   -0.370514
    -0.44088
   -0.372003
    -0.32998
   -0.339838
   -0.353893
   -0.423049
   -0.422482
   -0.391811
   -0.412055
   -0.403154
   -0.388174
   -0.415122
   -0.400417
   -0.474634
   -0.497994
    -0.45447
    -0.47091
   -0.511126
   -0.480209
   -0.446481
   -0.404667
   -0.442221
    -0.44793
   -0.484705
   -0.508463
   -0.458624
   -0.493345
   -0.482585
   -0.419272
   -0.311369
   -0.364549
   -0.367202
   -0.315998
   -0.352063
    -0.35328
   -0.379387
   -0.336402
   -0.387322
   -0.439653
   -0.389532
   -0.429375
   -0.463723
   -0.458779
   -0.416077
   -0.501029
   -0.467317
   -0.433757
   -0.392185
   -0.402976
   -0.340046
   -0.320952
   -0.363593
   -0.432958
   -0.510402
   -0.475545
   -0.470999
   -0.412492
   -0.440071
   -0.384118
   -0.326003
   -0.365097
   -0.388234
   -0.405886
   -0.351295
   -0.387183
   -0.476335
   -0.508313
   -0.452427
   -0.445916
   -0.472119
   -0.528471
    -0.40107
   -0.399292
   -0.445592
   -0.370544
   -0.406886
   -0.419422
   -0.401678
   -0.442624
   -0.544139
   -0.413009
   -0.455117
   -0.428405
     -0.4141
   -0.403552
   -0.406128
   -0.406294
   -0.468341
   -0.409185
    -0.33967
   -0.386481
   -0.338328
   -0.339149
   -0.296068
   -0.314714
   -0.390433
   -0.394529
   -0.325808
   -0.408483
   -0.374835
     -0.3777
   -0.357116
   -0.445493
    -0.41813
    -0.45301
   -0.516069
   -0.497091
   -0.498223
   -0.425239
   -0.395531
    -0.41519
   -0.526415
   -0.435828
   -0.408619
   -0.444741
   -0.405774
    -0.41446
   -0.330944
   -0.415485
   -0.432773
    -0.38745
   -0.354304
   -0.429673
   -0.377384
   -0.393918
   -0.390483
   -0.373319
   -0.385989
   -0.403595
   -0.386945
   -0.323825
   -0.345443
   -0.440328
   -0.406587
   -0.363129
   -0.393484
   -0.400867
   -0.440068
   -0.412893
   -0.395101
   -0.390389
   -0.465971
    -0.41724
   -0.350303
   -0.395189
   -0.409197
   -0.390217
   -0.411925
   -0.352522
   -0.370067
   -0.452836
   -0.494344
   -0.510645
   -0.508565
   -0.603112
   -0.536428
   -0.504534
   -0.577711
   -0.536982
   -0.401213
   -0.388172
   -0.455391
   -0.421595
   -0.456152
   -0.414096
   -0.386942
   -0.414598
   -0.340607
   -0.378458
   -0.374332
   -0.334121
   -0.380375
   -0.370098
    -0.35129
    -0.36393
    -0.41768
   -0.509873
   -0.433462
    -0.47829
   -0.423637
   -0.388304
   -0.380623
   -0.373377
   -0.389437
   -0.446346
   -0.429772
   -0.398139
   -0.356419
   -0.347356
   -0.323264
   -0.456345
   -0.444335
   -0.485806
   -0.480466
   -0.478151
   -0.432625
   -0.380679
   -0.414347
   -0.413769
   -0.374924
   -0.367419
   -0.397069
   -0.429092
    -0.50384
   -0.441005
    -0.48721
   -0.494229
   -0.454191
   -0.415619
   -0.391941
   -0.358444
   -0.343701
   -0.367207
   -0.359016
   -0.377244
    -0.39033
   -0.341348
    -0.37495
   -0.454642
   -0.467996
   -0.449066
   -0.404263
   -0.401642
   -0.408161
   -0.360274
   -0.349477
   -0.379793
   -0.386447
   -0.414991
   -0.475175
    -0.39289
    -0.31962
   -0.308538
   -0.334112
   -0.326755
   -0.366921
   -0.389939
   -0.450643
   -0.452823
   -0.436115
   -0.377968
   -0.450305
   -0.410961
   -0.499952
   -0.439055
   -0.370045
   -0.385166
   -0.421255
   -0.378364
   -0.373963
   -0.352016
   -0.379088
   -0.379713
   -0.392714
   -0.349388
   -0.343734
   -0.447838
   -0.366374
   -0.421137
   -0.394232
   -0.334771
    -0.36385
   -0.368615
    -0.43315
   -0.364558
   -0.388068
   -0.453949
    -0.46419
   -0.529095
    -0.41869
   -0.437041
   -0.452729
    -0.40997
   -0.477036
   -0.457042
   -0.505983
   -0.495545
   -0.520841
   -0.498768
   -0.443624
   -0.405912
   -0.453852
   -0.432118
   -0.392866
   -0.430488
   -0.475911
   -0.467663
   -0.468502
   -0.387441
   -0.417865
   -0.472388
   -0.487572
   -0.383828
   -0.392636
   -0.365738
   -0.403269
   -0.483299
   -0.431329
   -0.441959
   -0.354811
   -0.430138
   -0.379468
   -0.413776
   -0.401949
   -0.446322
   -0.384099
   -0.367116
   -0.384393
   -0.410458
   -0.422865
   -0.386737
   -0.448682
   -0.472188
   -0.522444
   -0.504514
    -0.43329
   -0.395166
   -0.387592
   -0.416973
   -0.394299
   -0.424532
   -0.381882
   -0.347096
   -0.340153
   -0.289407
   -0.368994
   -0.464133
   -0.413174
   -0.431337
   -0.422552
   -0.410016
   -0.464896
   -0.516193
   -0.443717
   -0.468166
   -0.458778
   -0.428097
   -0.423778
   -0.426148
   -0.464068
   -0.493193
   -0.502934
   -0.475361
   -0.567385
   -0.489624
   -0.509402
   -0.549891
   -0.482308
   -0.443966
   -0.444104
   -0.428421
    -0.47566
   -0.508598
     -0.5303
   -0.459578
   -0.401602
   -0.353826
   -0.417102
   -0.386591
   -0.426884
   -0.419649
   -0.425025
   -0.449834
   -0.446174
   -0.379208
   -0.412964
    -0.45134
   -0.419069
   -0.446028
   -0.485552
   -0.448823
   -0.428148
      -0.371
   -0.384033
   -0.506765
   -0.505954
   -0.452447
   -0.358984
   -0.436413
   -0.356525
   -0.409894
   -0.423355
   -0.445414
   -0.379487
   -0.464359
   -0.415501
   -0.319665
   -0.352697
   -0.410241
   -0.433615
   -0.458294
   -0.417291
   -0.417577
   -0.400001
   -0.370461
   -0.395111
   -0.460054
   -0.382108
   -0.398754
   -0.484312
   -0.459321
   -0.478943
   -0.457935
   -0.420462
   -0.404909
    -0.43123
   -0.450978
   -0.442598
   -0.423264
   -0.444437
   -0.389529
   -0.414261
   -0.422908
   -0.435337
   -0.461666
   -0.416117
   -0.436793
    -0.37355
   -0.448046
   -0.436165
   -0.396522
   -0.308374
   -0.353439
   -0.301792
   -0.339418
   -0.400994
   -0.442748
   -0.419637
   -0.343648
   -0.404036
   -0.432241
    -0.34644
    -0.36582
   -0.433849
   -0.385358
   -0.418274
   -0.409825
   -0.429223
   -0.430887
   -0.333402
   -0.343497
   -0.424711
   -0.354868
   -0.331454
   -0.336841
   -0.354338
    -0.40881
   -0.461534
   -0.409389
   -0.378844
   -0.377324
    -0.34917
   -0.389468
   -0.382426
   -0.442752
   -0.391722
   -0.367666
   -0.381473
   -0.398128
   -0.353027
   -0.405839
     -0.4455
   -0.412966
   -0.397641
   -0.352447
    -0.35741
   -0.427849
   -0.426147
   -0.405033
   -0.387951
   -0.453541
    -0.41913
   -0.363964
   -0.404552
   -0.382919
    -0.42718
   -0.410774
   -0.403712
   -0.387572
   -0.393651
   -0.391464
   -0.451871
   -0.381709
   -0.438917
    -0.39893
    -0.38289
   -0.475467
    -0.50165
    -0.49835
   -0.426245
    -0.48503
   -0.453575
    -0.33336
   -0.375363
   -0.403163
   -0.363143
   -0.374967
   -0.367204
   -0.324074
     -0.3846
   -0.421272
   -0.473521
   -0.320891
   -0.360049
   -0.383073
   -0.429801
   -0.423547
   -0.411644
   -0.408112
   -0.386246
    -0.32822
   -0.391286
   -0.406532
   -0.390603
    -0.39346
   -0.397911
     -0.4594
    -0.38893
   -0.362832
    -0.50316
   -0.449797
    -0.44864
   -0.492268
   -0.367743
   -0.469315
   -0.433532
    -0.48766
   -0.386605
   -0.383347
   -0.399494
   -0.487187
   -0.417512
   -0.463466
   -0.402599
   -0.368754
   -0.461547
   -0.497331
   -0.400347
   -0.447398
   -0.421915
   -0.417059
   -0.448512
   -0.402563
   -0.405748
   -0.460666
    -0.46737
   -0.430252
   -0.347456
   -0.460336
   -0.464236
    -0.39969
   -0.425758
   -0.427613
   -0.370504
   -0.478911
   -0.464635
   -0.512857
   -0.495569
   -0.435363
   -0.355026
   -0.452128
   -0.438755
   -0.435736
   -0.430934
   -0.396011
   -0.448465
   -0.388463
   -0.377484
   -0.328916
   -0.440033
   -0.411159
   -0.402797
   -0.408692
   -0.454334
   -0.449711
   -0.506328
   -0.526547
   -0.459159
   -0.430353
   -0.428296
   -0.392222
     -0.4062
   -0.378196
   -0.379057
   -0.398815
   -0.476172
   -0.392901
   -0.434297
   -0.421441
   -0.430263
   -0.390371
   -0.436636
    -0.40445
    -0.44276
   -0.448251
   -0.506302
   -0.582576
   -0.581778
   -0.487636
   -0.359031
   -0.354962
   -0.421313
    -0.39618
   -0.485149
   -0.548634
   -0.492373
   -0.446029
   -0.472145
   -0.492113
   -0.537499
   -0.524625
   -0.507939
   -0.445946
   -0.495728
    -0.51275
   -0.533599
   -0.477867
   -0.396345
   -0.415479
   -0.466818
   -0.501878
    -0.47442
   -0.360492
   -0.311589
   -0.356525
   -0.360919
   -0.379269
   -0.353687
   -0.354402
   -0.378568
   -0.380583
   -0.377066
   -0.372707
   -0.305696
   -0.271516
   -0.340515
   -0.356107
   -0.369991
   -0.403625
   -0.356008
   -0.393697
   -0.355714
     -0.3371
   -0.385899
   -0.355065
   -0.432527
   -0.508106
   -0.349545
   -0.339846
   -0.327235
   -0.350068
   -0.372249
   -0.379778
   -0.390148
   -0.443847
    -0.42194
   -0.391097
    -0.35827
   -0.379682
   -0.374557
   -0.408426
   -0.322534
   -0.403351
   -0.448552
   -0.446021
   -0.494738
   -0.422637
   -0.360362
    -0.35779
   -0.415623
   -0.362477
   -0.433941
   -0.424808
   -0.426452
   -0.409784
   -0.390184
   -0.404203
   -0.457254
   -0.439856
   -0.478444
   -0.473689
   -0.411369
   -0.440374
    -0.42373
   -0.412102
   -0.308284
   -0.338841
   -0.366931
   -0.372035
   -0.447379
   -0.417361
   -0.349036
   -0.367502
   -0.384363
   -0.324557
    -0.40626
   -0.438633
   -0.398513
   -0.449349
   -0.460635
   -0.435742
   -0.443429
   -0.431163
   -0.439292
   -0.409544
    -0.44628
   -0.401888
   -0.411039
   -0.439512
   -0.375913
   -0.424076
   -0.456978
   -0.430823
   -0.454984
   -0.396549
    -0.37051
   -0.364734
   -0.346289
   -0.437162
   -0.441094
   -0.380359
   -0.400992
   -0.410995
   -0.366823
   -0.374866
   -0.411228
    -0.39594
   -0.365717
   -0.296809
   -0.334634
   -0.353283
   -0.359804
   -0.361377
   -0.433552
    -0.45357
   -0.465531
   -0.464914
   -0.468962
   -0.403492
   -0.370466
   -0.364756
   -0.393209
   -0.362004
   -0.370229
   -0.381251
   -0.411117
    -0.41625
   -0.415126
   -0.356043
   -0.512733
   -0.509018
   -0.539849
   -0.601993
   -0.488939
   -0.439657
   -0.460891
   -0.466979
   -0.433922
    -0.42717
   -0.398903
   -0.421549
   -0.418003
   -0.385319
    -0.34223
    -0.34437
   -0.424187
   -0.448587
   -0.409978
   -0.475475
   -0.466049
   -0.419812
   -0.411527
   -0.329636
   -0.409603
   -0.404273
   -0.452854
    -0.41686
   -0.416157
   -0.427264
   -0.442078
   -0.369152
   -0.371962
   -0.432109
   -0.467113
   -0.499128
     -0.4911
   -0.535654
   -0.538043
   -0.402965
   -0.390168
   -0.472409
   -0.348705
   -0.366293
   -0.354315
   -0.377154
   -0.422985
   -0.375174
   -0.363306
   -0.371285
   -0.364807
   -0.408543
   -0.397019
    -0.44502
   -0.413038
   -0.480942
   -0.393808
   -0.423917
   -0.458869
   -0.481114
   -0.418527
     -0.3804
   -0.401369
   -0.423054
   -0.370297
   -0.391714
   -0.433604
   -0.403742
   -0.358415
   -0.381918
   -0.396522
   -0.477628
   -0.399528
   -0.388689
   -0.390445
   -0.416204
   -0.577755
   -0.531184
   -0.625549
   -0.512336
   -0.553375
   -0.487962
   -0.499837
   -0.533517
   -0.471593
   -0.437693
   -0.437088
   -0.444818
   -0.405586
   -0.424795
   -0.494963
   -0.531879
   -0.523331
   -0.467106
   -0.377584
   -0.405756
   -0.378805
   -0.333256
    -0.35851
   -0.391376
   -0.424667
   -0.367171
   -0.401658
   -0.377168
   -0.337605
   -0.372401
   -0.377138
    -0.38256
   -0.387265
   -0.307127
   -0.340088
   -0.407857
   -0.400859
   -0.387787
   -0.423698
   -0.441365
   -0.472288
    -0.44883
   -0.430967
   -0.378318
   -0.351651
   -0.372495
   -0.354005
    -0.37164
   -0.338012
   -0.365302
   -0.373088
    -0.43045
   -0.414243
    -0.41357
     -0.4134
   -0.450025
   -0.500581
   -0.431163
   -0.403604
   -0.353623
   -0.395768
   -0.372769
   -0.309769
   -0.375845
   -0.350894
   -0.391916
    -0.36914
   -0.415222
   -0.315385
   -0.412498
     -0.3705
   -0.317769
   -0.403108
    -0.43693
   -0.540052
   -0.500783
    -0.51777
   -0.398155
    -0.39715
   -0.409447
    -0.43207
   -0.396251
   -0.333042
   -0.324746
   -0.377014
   -0.393438
   -0.417147
   -0.492354
   -0.468885
   -0.475206
   -0.427319
    -0.47019
   -0.393047
   -0.435679
   -0.488408
   -0.432756
   -0.451733
   -0.419032
   -0.395086
   -0.418005
   -0.365003
   -0.401596
    -0.42151
   -0.380261
   -0.461527
   -0.425295
   -0.384215
   -0.344427
   -0.450928
   -0.302829
     -0.3081
   -0.374534
   -0.309172
   -0.410611
   -0.377292
   -0.501672
   -0.496604
   -0.411466
   -0.440664
   -0.438355
   -0.469224
    -0.47567
   -0.432328
   -0.371691
   -0.447058
   -0.444821
   -0.442205
   -0.379401
   -0.390945
   -0.384478
   -0.351123
   -0.323574
   -0.344875
   -0.350904
   -0.466118
   -0.400547
   -0.428101
   -0.443103
   -0.418047
   -0.396334
   -0.441904
   -0.341364
   -0.410936
   -0.375365
   -0.431847
   -0.396703
   -0.389776
   -0.439174
   -0.482962
   -0.466523
   -0.426419
   -0.388883
   -0.378892
   -0.348097
   -0.389194
   -0.388392
   -0.343379
   -0.417953
   -0.469216
   -0.455671
   -0.445943
   -0.478597
   -0.461019
    -0.39493
   -0.421864
   -0.434099
   -0.396309
   -0.383703
   -0.389598
   -0.358809
    -0.38512
   -0.380916
   -0.351424
    -0.38561
   -0.352356
   -0.324988
   -0.436175
   -0.443363
   -0.476794
   -0.435643
   -0.457664
   -0.365899
   -0.485406
    -0.46819
   -0.442907
   -0.408308
   -0.302154
   -0.371241
   -0.437474
   -0.447141
    -0.52772
   -0.489976
   -0.464321
   -0.462161
   -0.541756
   -0.483419
   -0.512089
   -0.466754
    -0.48237
   -0.481602
   -0.454848
    -0.47192
    -0.43037
   -0.305303
   -0.236407
   -0.331407
   -0.356943
   -0.426329
   -0.479369
   -0.375703
   -0.410021
    -0.37507
   -0.407984
   -0.431253
   -0.416667
   -0.366364
   -0.381708
   -0.383979
   -0.425188
   -0.448099
   -0.457644
   -0.435341
   -0.476355
   -0.405832
   -0.395284
   -0.392127
   -0.328647
   -0.375035
   -0.320692
   -0.317661
   -0.350952
   -0.322588
   -0.384166
   -0.320624
   -0.287096
   -0.314159
   -0.352421
   -0.393789
   -0.401137
   -0.424453
   -0.439193
   -0.374008
   -0.389546
   -0.427903
   -0.459934
   -0.396149
   -0.462195
   -0.476802
   -0.401725
   -0.450682
   -0.552093
   -0.494099
   -0.529431
   -0.449551
   -0.435651
   -0.471138
   -0.415519
   -0.420587
   -0.424847
   -0.463288
   -0.449506
   -0.488824
   -0.423785
   -0.529076
   -0.415415
    -0.39016
   -0.405284
   -0.493067
   -0.446374
    -0.41863
   -0.411396
   -0.378168
   -0.415305
   -0.440248
   -0.476473
   -0.497138
    -0.46219
   -0.557291
   -0.509187
   -0.463761
   -0.440554
   -0.442506
   -0.418359
   -0.421373
   -0.510832
   -0.486227
   -0.492044
   -0.369796
    -0.37994
   -0.378961
   -0.388426
   -0.392829
   -0.446871
   -0.387523
   -0.428739
   -0.413924
   -0.398301
   -0.379631
   -0.368435
   -0.423975
   -0.445811
   -0.453072
   -0.440923
   -0.412745
   -0.415612
   -0.457066
   -0.431468
   -0.475271
   -0.420155
   -0.425314
   -0.405217
    -0.38831
   -0.390949
   -0.415624
   -0.415515
   -0.384743
   -0.387698
   -0.421725
   -0.401965
   -0.421181
   -0.449968
   -0.407495
   -0.423225
    -0.43023
   -0.469432
   -0.418895
   -0.358084
   -0.454294
   -0.423115
   -0.373405
   -0.370935
    -0.35834
   -0.323369
   -0.359485
   -0.359622
   -0.377349
   -0.428082
   -0.330831
   -0.406598
   -0.399769
   -0.390854
   -0.439597
   -0.464546
    -0.43142
   -0.419409
   -0.401975
   -0.455877
   -0.447766
   -0.445476
   -0.444526
   -0.432039
   -0.467545
   -0.432948
   -0.411542
   -0.444784
   -0.512703
   -0.510773
   -0.496917
   -0.496994
   -0.545794
   -0.506833
   -0.543305
   -0.574297
   -0.572901
   -0.635222
    -0.55135
   -0.529401
   -0.536894
   -0.439524
   -0.461427
   -0.444701
   -0.432073
   -0.454799
   -0.403326
   -0.413632
   -0.432675
   -0.354119
   -0.379456
   -0.399037
   -0.410752
   -0.402293
    -0.39369
   -0.383651
   -0.382923
   -0.337123
   -0.417179
   -0.403836
    -0.41496
   -0.392913
   -0.441054
   -0.327525
   -0.311003
   -0.345737
   -0.403316
    -0.34395
    -0.37531
   -0.422991
   -0.389907
   -0.505578
   -0.452903
   -0.414882
   -0.391329
   -0.286957
   -0.414838
   -0.418031
   -0.348114
    -0.39511
   -0.395053
   -0.377428
   -0.399948
   -0.405265
   -0.387363
   -0.471314
   -0.417208
   -0.427756
   -0.400715
   -0.412633
   -0.463814
   -0.451095
   -0.407698
   -0.409536
   -0.430424
   -0.448739
   -0.348356
   -0.381317
   -0.400001
   -0.396686
   -0.322504
    -0.30984
   -0.329597
   -0.374956
   -0.410388
   -0.364407
   -0.351873
   -0.325473
   -0.342783
   -0.422057
   -0.479301
   -0.478411
   -0.435322
   -0.487376
   -0.448166
   -0.407103
   -0.422854
   -0.394473
   -0.422588
   -0.393261
   -0.407545
    -0.41067
   -0.358776
   -0.383322
   -0.479677
   -0.400183
    -0.40988
   -0.410782
   -0.476863
   -0.464416
   -0.465897
   -0.506406
   -0.466153
   -0.396664
    -0.36201
   -0.388772
   -0.382262
   -0.384276
   -0.331444
   -0.254974
   -0.388062
   -0.374418
   -0.344791
   -0.336561
   -0.374921
   -0.408569
   -0.458783
   -0.454503
   -0.415202
    -0.45526
   -0.453762
   -0.426865
   -0.455775
   -0.462349
   -0.429759
   -0.389522
    -0.44209
   -0.469796
   -0.448654
   -0.389013
