    -6.59395
    -6.49537
    -6.39229
    -6.33035
     -6.3027
    -6.17707
    -6.09389
    -6.02989
     -6.0186
    -5.91133
    -5.96457
     -6.0126
    -5.91653
    -5.83218
    -5.80705
    -5.88283
    -5.91336
     -5.8947
    -5.89629
    -5.86265
    -5.79229
     -5.7576
    -5.87675
    -5.91919
    -5.91122
    -5.76631
    -5.88147
    -5.78893
    -5.77418
    -5.76834
    -5.74588
    -5.78997
    -5.88316
    -5.88204
    -5.85702
    -5.79518
    -5.71194
    -5.79297
    -5.79052
    -5.69992
    -5.56466
    -5.47938
    -5.63329
    -5.66604
    -5.66826
    -5.73359
    -5.87109
    -5.86259
    -5.80492
    -5.76846
    -5.84797
    -5.79847
    -5.90323
    -5.95992
    -5.93489
     -5.8698
    -5.79996
    -5.71727
    -5.67967
    -5.71877
    -5.73745
    -5.71168
    -5.70683
    -5.70206
    -5.78894
    -5.75135
     -5.7652
    -5.84406
    -5.79439
    -5.76254
    -5.74897
    -5.75355
    -5.89346
    -5.81464
    -5.69655
    -5.72866
    -5.69206
    -5.70707
    -5.63911
    -5.68553
    -5.77483
     -5.7919
    -5.78095
    -5.78888
    -5.79061
    -5.82966
    -5.75106
    -5.85719
    -5.83808
    -5.81856
    -5.74454
    -5.76539
    -5.79683
    -5.74983
    -5.66906
    -5.63895
    -5.69668
    -5.68366
    -5.71956
    -5.69602
    -5.70728
     -5.7127
    -5.62993
    -5.63958
    -5.67212
    -5.72784
    -5.63473
    -5.59491
    -5.60703
    -5.65134
    -5.67143
    -5.71458
    -5.74639
    -5.62511
    -5.60957
     -5.4817
    -5.61911
    -5.55031
    -5.61125
    -5.56104
    -5.54234
    -5.57661
    -5.59128
    -5.58053
    -5.54002
    -5.59766
    -5.58717
    -5.65027
    -5.63876
    -5.65867
    -5.61686
    -5.65391
    -5.66191
    -5.61726
    -5.62714
    -5.69778
    -5.62689
    -5.75705
    -5.77473
    -5.74258
    -5.76616
    -5.71323
    -5.59938
    -5.75877
    -5.71791
    -5.63106
    -5.74103
    -5.77888
    -5.75612
     -5.6893
    -5.72302
    -5.67352
    -5.59207
    -5.62827
    -5.55399
    -5.66709
    -5.69134
     -5.7617
    -5.73308
    -5.78425
    -5.80502
    -5.77959
    -5.77496
    -5.68478
    -5.74551
    -5.72118
    -5.73177
    -5.69114
    -5.72556
    -5.72638
     -5.7202
    -5.72582
    -5.73492
    -5.67131
    -5.66217
    -5.61514
    -5.60052
    -5.52238
    -5.67658
    -5.66976
    -5.62833
    -5.62928
    -5.63477
    -5.68448
    -5.56891
    -5.56759
    -5.58435
    -5.56531
    -5.65768
    -5.64058
    -5.63417
    -5.70803
    -5.64053
    -5.65856
    -5.58097
    -5.51315
    -5.49132
    -5.50862
    -5.52453
    -5.54023
    -5.61963
    -5.61082
    -5.60922
    -5.66135
    -5.60918
    -5.54198
    -5.51776
    -5.54773
    -5.44075
    -5.45092
    -5.48995
    -5.61366
     -5.5612
    -5.67679
    -5.71177
    -5.63347
    -5.57275
    -5.64809
    -5.72132
    -5.66675
    -5.56235
    -5.52044
    -5.58024
     -5.4881
    -5.40511
    -5.37054
    -5.30744
    -5.21554
    -5.21102
    -5.29057
    -5.32329
    -5.39379
    -5.33087
    -5.47468
    -5.41818
    -5.28443
    -5.36386
    -5.22998
    -5.18209
    -5.29528
    -5.34038
    -5.42199
    -5.36997
    -5.37605
    -5.45734
    -5.42952
    -5.48004
    -5.46149
    -5.42427
    -5.36389
     -5.3372
    -5.38706
    -5.52071
    -5.56621
    -5.52396
    -5.48382
    -5.52109
    -5.43913
    -5.52299
    -5.53294
    -5.52279
    -5.60005
    -5.55984
     -5.5646
    -5.46669
    -5.49342
     -5.5515
    -5.54245
    -5.54912
    -5.50339
    -5.48892
    -5.48362
    -5.55131
    -5.60628
    -5.55411
    -5.47579
    -5.48199
    -5.52863
     -5.4601
    -5.50474
    -5.50225
    -5.50444
    -5.42296
    -5.44485
    -5.42683
    -5.39161
    -5.42765
    -5.38003
    -5.47771
    -5.51097
    -5.55969
    -5.49251
    -5.47525
    -5.50779
    -5.48625
    -5.51458
    -5.50894
    -5.59698
    -5.61756
    -5.55178
    -5.50648
    -5.39943
    -5.51109
    -5.52066
    -5.41434
    -5.39053
     -5.4152
    -5.48506
    -5.54927
    -5.42378
    -5.46776
    -5.48571
    -5.49286
    -5.52373
    -5.49201
    -5.47617
    -5.45824
    -5.56487
    -5.67353
    -5.65382
    -5.60709
    -5.53883
    -5.59302
    -5.58243
    -5.62317
    -5.62213
    -5.62412
    -5.58031
    -5.62814
    -5.69019
    -5.58696
    -5.58745
    -5.64509
    -5.60876
    -5.62482
    -5.53742
    -5.61931
    -5.59471
    -5.53207
    -5.50851
    -5.50497
    -5.34124
    -5.36895
    -5.53209
    -5.57068
    -5.51544
    -5.51362
    -5.43232
     -5.4239
    -5.39618
    -5.42428
    -5.44233
    -5.39105
    -5.36659
    -5.34547
    -5.37507
    -5.41541
    -5.33016
    -5.28525
    -5.33097
    -5.33789
     -5.2602
     -5.3426
    -5.35169
       -5.35
    -5.18002
    -5.23071
    -5.31608
    -5.33504
    -5.34535
    -5.34896
    -5.29006
    -5.33512
    -5.29148
    -5.22711
    -5.29067
    -5.35508
    -5.38234
    -5.42863
    -5.38511
     -5.2979
    -5.35071
    -5.44715
    -5.38595
    -5.38646
    -5.32002
    -5.40064
    -5.40219
    -5.32566
    -5.29573
     -5.3206
    -5.39507
    -5.43261
    -5.39206
    -5.45362
     -5.4055
    -5.45019
    -5.45319
    -5.45413
    -5.42989
    -5.49924
    -5.50808
    -5.45141
    -5.43896
    -5.41957
    -5.41302
    -5.32078
      -5.275
    -5.36795
    -5.38342
    -5.36256
    -5.51349
    -5.52388
    -5.51651
    -5.44825
    -5.42322
    -5.39921
    -5.41136
    -5.42791
    -5.42829
    -5.39022
    -5.38516
    -5.38926
    -5.43734
    -5.41579
     -5.5042
     -5.4081
    -5.47906
    -5.47097
    -5.51641
    -5.54975
    -5.39881
    -5.43753
    -5.35488
    -5.37754
    -5.40813
    -5.42823
    -5.54593
     -5.5316
    -5.53582
    -5.46597
     -5.4819
    -5.54587
    -5.63713
    -5.69813
    -5.62948
    -5.60146
    -5.50722
    -5.56018
    -5.44248
    -5.45487
    -5.52983
    -5.53253
    -5.57028
    -5.59857
    -5.53712
    -5.58823
    -5.51289
    -5.50956
    -5.53971
     -5.5395
    -5.44834
    -5.41527
    -5.44285
    -5.51168
     -5.4708
     -5.4902
    -5.55058
    -5.53229
    -5.46092
    -5.42659
    -5.36205
     -5.2632
    -5.44911
    -5.52027
    -5.44002
    -5.44802
    -5.42887
    -5.33728
    -5.36284
    -5.28457
    -5.28807
    -5.33519
    -5.30274
     -5.3893
    -5.46082
     -5.4382
    -5.50119
    -5.50439
    -5.49141
    -5.47975
    -5.53411
    -5.49618
    -5.44014
    -5.46639
    -5.46923
    -5.47701
    -5.39792
    -5.47558
    -5.47953
    -5.45267
    -5.48222
    -5.45833
    -5.49537
    -5.40807
    -5.48562
    -5.43218
    -5.47042
    -5.34176
    -5.34456
     -5.5215
    -5.44415
    -5.46574
    -5.58488
    -5.55047
    -5.56657
    -5.58525
    -5.50643
    -5.54658
    -5.49529
    -5.41461
    -5.45902
    -5.34706
    -5.33611
    -5.36408
    -5.30287
    -5.27269
    -5.20244
     -5.2492
    -5.32607
    -5.31898
    -5.41272
    -5.38795
    -5.40324
    -5.51388
    -5.31213
    -5.33734
    -5.43584
    -5.33991
    -5.28802
    -5.32201
    -5.34688
    -5.29745
     -5.2837
    -5.27662
    -5.42468
    -5.46871
    -5.48746
    -5.43798
    -5.39005
     -5.3704
     -5.4309
    -5.26259
    -5.32374
    -5.40299
    -5.48591
    -5.43484
    -5.42034
     -5.3875
    -5.39534
    -5.32419
    -5.32951
    -5.34412
    -5.37553
     -5.3858
    -5.32283
    -5.33344
    -5.35792
    -5.35269
     -5.4052
    -5.40792
    -5.34233
    -5.39867
    -5.37602
    -5.34052
    -5.26012
    -5.31444
    -5.28711
    -5.33178
    -5.33638
    -5.39645
    -5.46136
    -5.46124
    -5.48936
    -5.46226
    -5.48529
    -5.52125
    -5.54312
    -5.53467
    -5.42551
    -5.37315
    -5.36592
    -5.34441
    -5.37472
    -5.30374
    -5.34169
    -5.34673
    -5.41535
     -5.5301
    -5.58255
    -5.51193
    -5.42934
    -5.45399
    -5.50287
    -5.41506
    -5.43382
    -5.35356
    -5.33648
    -5.35388
    -5.41197
    -5.46787
    -5.48973
    -5.52247
    -5.42884
    -5.52625
    -5.45482
    -5.47976
    -5.42249
    -5.33362
     -5.3651
    -5.40048
     -5.3728
    -5.44059
    -5.42264
    -5.41644
     -5.3582
    -5.40429
    -5.42034
    -5.45924
    -5.46511
    -5.34506
    -5.31079
    -5.29038
    -5.28142
    -5.32586
    -5.23938
    -5.28467
     -5.3063
    -5.35586
    -5.32482
    -5.27842
    -5.29222
    -5.35873
    -5.26852
    -5.22428
    -5.34191
    -5.49773
    -5.54981
    -5.50346
     -5.3595
    -5.29566
    -5.27868
    -5.26793
    -5.29588
    -5.17492
    -5.25497
    -5.31223
     -5.2625
    -5.27293
    -5.33037
    -5.31614
    -5.46268
    -5.34543
     -5.4087
     -5.3659
    -5.35104
    -5.22317
    -5.13546
    -5.16085
     -5.2781
    -5.31052
    -5.38742
    -5.36548
    -5.45208
    -5.45714
    -5.48695
    -5.43242
    -5.46886
    -5.48473
    -5.49957
    -5.53928
     -5.3747
    -5.47279
      -5.503
    -5.54002
    -5.50908
    -5.40747
    -5.42057
    -5.49927
    -5.46896
    -5.44063
    -5.54214
    -5.59292
    -5.51299
    -5.47088
    -5.45753
    -5.39296
     -5.3447
    -5.33351
    -5.34767
    -5.44423
    -5.42648
    -5.38543
    -5.39311
     -5.4159
    -5.45106
    -5.44669
     -5.3815
     -5.3983
    -5.39691
     -5.2339
    -5.20541
    -5.23384
    -5.27769
    -5.21034
    -5.20976
    -5.28595
    -5.33822
    -5.37102
    -5.30351
    -5.29265
    -5.29255
    -5.33336
    -5.38633
    -5.36764
    -5.26858
    -5.28829
    -5.30325
    -5.22741
    -5.19494
    -5.16625
    -5.10664
    -5.10002
    -5.23191
      -5.223
    -5.24358
    -5.24555
    -5.20546
    -5.14075
     -5.1358
    -5.18424
     -5.2289
    -5.35787
    -5.36721
    -5.36957
    -5.55138
    -5.51164
    -5.47257
    -5.53356
    -5.54302
    -5.57441
    -5.56551
    -5.45867
    -5.42582
    -5.43651
    -5.50942
    -5.51587
    -5.55321
    -5.52477
    -5.54109
     -5.4857
    -5.49314
    -5.43691
    -5.45599
     -5.3509
    -5.46229
     -5.4416
    -5.43153
    -5.42812
     -5.3263
     -5.3965
    -5.42605
    -5.40555
    -5.45759
    -5.37595
    -5.37738
    -5.45097
    -5.50064
    -5.57224
    -5.54191
    -5.56285
     -5.5384
    -5.42355
    -5.47907
    -5.50752
    -5.53009
    -5.47317
    -5.42361
    -5.43764
    -5.44363
    -5.42666
    -5.45413
    -5.46925
    -5.43126
    -5.52677
    -5.52545
    -5.52376
    -5.46684
    -5.47127
    -5.51613
    -5.49516
    -5.48442
    -5.43943
    -5.33297
    -5.46502
    -5.52186
    -5.49005
    -5.57769
    -5.51193
    -5.54246
    -5.55027
     -5.5645
    -5.70276
    -5.73175
    -5.69778
    -5.63981
    -5.67924
    -5.74492
    -5.70535
    -5.62669
    -5.62483
    -5.55892
    -5.57648
    -5.44754
      -5.389
    -5.47498
    -5.48403
    -5.50588
    -5.46984
    -5.50011
    -5.52865
    -5.55733
    -5.52647
    -5.57369
    -5.49844
     -5.5735
    -5.52678
    -5.46182
    -5.48009
    -5.53519
    -5.57714
    -5.54884
    -5.53941
    -5.50185
    -5.48737
    -5.53705
     -5.5611
    -5.56243
     -5.5754
    -5.58186
    -5.48544
    -5.42382
    -5.40554
    -5.45534
     -5.4351
    -5.35825
    -5.36816
    -5.35727
    -5.41935
    -5.41626
    -5.45027
    -5.43437
    -5.41728
    -5.43921
    -5.44562
    -5.36668
     -5.4622
    -5.52396
    -5.52711
    -5.61381
    -5.59484
    -5.51975
    -5.50356
    -5.54141
    -5.51021
    -5.48735
    -5.42719
    -5.31624
    -5.40428
     -5.4833
    -5.55127
    -5.50267
    -5.43968
    -5.41641
    -5.35881
    -5.31668
    -5.35855
    -5.45928
    -5.40715
    -5.34844
    -5.44343
     -5.3896
    -5.18033
    -5.34667
    -5.27336
    -5.35993
    -5.37669
    -5.36195
    -5.41354
    -5.47539
     -5.4965
      -5.499
    -5.55407
    -5.42392
    -5.50072
    -5.52245
    -5.48227
    -5.39991
    -5.42627
    -5.43845
    -5.45732
    -5.50083
    -5.44872
    -5.40805
    -5.44758
    -5.52663
    -5.50382
    -5.44296
    -5.41197
    -5.40607
    -5.47702
    -5.54378
    -5.47394
     -5.4992
    -5.45211
    -5.41869
    -5.38338
    -5.30129
    -5.38146
    -5.34863
    -5.46365
     -5.3744
    -5.49392
    -5.49814
    -5.44529
    -5.43382
    -5.43407
    -5.37239
    -5.31906
    -5.35369
    -5.35712
    -5.41853
    -5.41064
     -5.3687
    -5.39767
    -5.35433
    -5.35576
    -5.44072
    -5.48855
    -5.50869
    -5.53136
    -5.53605
    -5.57625
    -5.54676
    -5.50623
     -5.5174
    -5.42043
    -5.40847
    -5.35164
    -5.36078
    -5.46086
    -5.45159
      -5.486
    -5.43551
    -5.48787
    -5.41534
    -5.50407
    -5.43984
    -5.55261
    -5.60367
    -5.60521
    -5.61136
    -5.55934
    -5.54465
    -5.54729
    -5.52919
    -5.51196
    -5.48702
    -5.48803
    -5.57612
    -5.53232
     -5.5449
    -5.42155
     -5.5224
    -5.44814
    -5.50366
      -5.438
    -5.38253
    -5.37411
    -5.38551
    -5.34179
    -5.42303
    -5.29587
    -5.20873
    -5.36154
    -5.31556
    -5.35872
     -5.4209
    -5.42279
    -5.36221
    -5.39445
    -5.45533
    -5.48675
    -5.40692
    -5.52514
    -5.47323
    -5.56756
    -5.58748
    -5.61399
    -5.53598
    -5.60629
    -5.67926
    -5.66759
    -5.60576
    -5.61804
    -5.53981
    -5.50037
     -5.4942
    -5.49866
    -5.57083
    -5.50414
    -5.55862
    -5.40929
     -5.4706
    -5.38988
    -5.39042
    -5.43427
    -5.40461
    -5.45801
    -5.42776
      -5.472
    -5.42697
     -5.3869
    -5.38513
    -5.45343
    -5.36505
    -5.33439
    -5.40463
    -5.40043
    -5.37359
    -5.44023
    -5.41917
    -5.49021
     -5.3769
    -5.34401
    -5.43012
    -5.41718
    -5.37574
    -5.39747
     -5.5413
    -5.62588
    -5.57779
    -5.56094
    -5.48729
    -5.44841
    -5.49272
    -5.50957
    -5.61875
    -5.61794
    -5.60935
    -5.60451
    -5.52802
    -5.52196
    -5.50168
    -5.56044
    -5.49004
    -5.62458
    -5.59353
    -5.57999
    -5.49935
    -5.43499
    -5.54327
    -5.57183
    -5.58745
    -5.54888
    -5.40342
    -5.51371
    -5.52601
    -5.50659
    -5.45806
    -5.45922
    -5.42601
     -5.5036
    -5.47097
    -5.46834
    -5.49167
    -5.43377
    -5.45256
    -5.45114
    -5.52424
    -5.49943
    -5.48944
     -5.6031
    -5.53469
    -5.53117
    -5.49735
     -5.4172
    -5.35997
     -5.4122
     -5.4932
    -5.52947
    -5.52175
    -5.44826
    -5.33493
    -5.42823
    -5.49321
    -5.59517
    -5.61067
     -5.5403
    -5.37638
    -5.40962
    -5.49263
    -5.44467
    -5.52319
    -5.53454
    -5.55886
    -5.57394
    -5.50412
    -5.45703
    -5.37377
    -5.38011
    -5.33596
    -5.36551
    -5.36861
    -5.38025
    -5.41943
    -5.47757
    -5.52281
    -5.57376
    -5.56965
    -5.56261
    -5.63865
    -5.59187
    -5.63627
    -5.56884
       -5.52
    -5.52855
    -5.46029
    -5.46793
    -5.34594
    -5.24781
    -5.32065
    -5.43203
    -5.44722
    -5.33533
    -5.42072
    -5.39121
    -5.41823
    -5.48795
     -5.5917
    -5.64781
    -5.59359
    -5.50406
    -5.55394
    -5.50471
    -5.50309
    -5.54911
    -5.55713
    -5.57798
    -5.63896
    -5.66789
    -5.63684
    -5.65409
    -5.64788
    -5.61501
    -5.54182
    -5.57355
    -5.63016
    -5.53153
    -5.55612
    -5.57122
     -5.6171
    -5.53497
    -5.56915
    -5.55966
    -5.59825
    -5.48758
    -5.52216
    -5.55844
    -5.58379
    -5.50489
    -5.53074
     -5.4773
    -5.42144
     -5.4243
    -5.39422
    -5.38833
    -5.44397
    -5.40004
    -5.38792
    -5.39904
    -5.35541
    -5.28777
    -5.34146
    -5.26423
    -5.26993
    -5.30164
    -5.31367
    -5.29373
    -5.36687
    -5.41586
    -5.49692
    -5.52684
    -5.54285
    -5.47151
    -5.44736
    -5.37601
     -5.3775
    -5.32604
     -5.3727
    -5.43173
     -5.3797
    -5.19338
    -5.33439
    -5.44618
    -5.41918
    -5.37087
    -5.36312
    -5.34348
    -5.25283
     -5.2679
    -5.37939
    -5.23707
    -5.31336
    -5.30985
    -5.33101
    -5.25031
    -5.34571
    -5.32928
    -5.36407
    -5.32882
    -5.47941
    -5.41203
    -5.47676
    -5.52908
     -5.5228
    -5.44053
     -5.3711
     -5.4145
    -5.27821
    -5.22144
    -5.22625
    -5.11506
    -5.09178
    -5.27685
    -5.35422
    -5.40631
    -5.35446
    -5.35882
    -5.35371
    -5.29405
    -5.29436
    -5.34375
    -5.39205
    -5.28231
    -5.27409
    -5.31208
    -5.31356
     -5.1897
      -5.224
    -5.28813
    -5.30872
    -5.28594
     -5.3523
    -5.36602
    -5.34183
    -5.46632
    -5.48648
    -5.48912
    -5.48022
    -5.49924
    -5.50446
    -5.54952
    -5.44062
    -5.51098
    -5.47354
    -5.48592
    -5.42396
    -5.39319
    -5.32782
    -5.35746
    -5.32744
    -5.34853
    -5.35406
    -5.49992
    -5.44143
    -5.40794
     -5.4592
    -5.38791
    -5.45308
    -5.43128
    -5.40516
    -5.49065
    -5.50249
    -5.40205
    -5.46691
    -5.44322
    -5.37732
    -5.34621
      -5.364
    -5.49521
    -5.40114
    -5.41166
    -5.44257
    -5.38476
    -5.40538
    -5.35644
    -5.35991
    -5.32141
    -5.25998
    -5.31008
    -5.39138
    -5.41308
    -5.39765
    -5.48996
    -5.47622
    -5.58619
    -5.52857
    -5.51373
    -5.48395
    -5.42289
    -5.50113
    -5.36252
    -5.51103
    -5.60809
    -5.59581
    -5.50837
    -5.47164
    -5.38946
    -5.41319
    -5.36998
    -5.41664
    -5.48043
    -5.38187
    -5.42713
    -5.40044
    -5.38565
    -5.40292
    -5.46514
     -5.5204
    -5.51262
    -5.54714
    -5.54728
    -5.34497
    -5.36327
    -5.43908
    -5.36951
    -5.44754
    -5.39533
      -5.466
    -5.48871
    -5.58473
      -5.538
     -5.5514
    -5.56775
    -5.56753
    -5.53716
    -5.45832
    -5.48723
    -5.47606
      -5.413
    -5.45935
    -5.27787
     -5.1755
    -5.12533
    -5.20701
    -5.36388
    -5.46238
    -5.35999
    -5.33941
    -5.38613
    -5.37804
    -5.44553
    -5.45101
    -5.29905
    -5.34127
    -5.33259
    -5.35959
    -5.46822
    -5.65705
    -5.59478
     -5.5703
     -5.5747
    -5.58181
    -5.60477
    -5.66165
    -5.62329
    -5.60219
    -5.60764
    -5.60891
    -5.62125
    -5.60493
    -5.50826
    -5.47301
    -5.47902
    -5.48527
    -5.47606
     -5.5278
    -5.57687
    -5.61861
    -5.59512
    -5.63084
    -5.56488
     -5.4901
     -5.4722
    -5.42039
    -5.41278
    -5.33912
    -5.47185
    -5.46829
    -5.48618
    -5.48889
      -5.454
    -5.48464
    -5.48667
    -5.53435
      -5.523
    -5.57817
    -5.58438
    -5.49337
    -5.49178
    -5.51437
    -5.49804
    -5.58399
    -5.55391
    -5.54192
    -5.57285
    -5.58903
    -5.52411
    -5.54749
     -5.5267
     -5.4752
    -5.54456
    -5.60134
    -5.52991
    -5.42789
    -5.35891
    -5.39473
    -5.56448
    -5.44373
    -5.42144
    -5.51692
    -5.54508
    -5.51446
    -5.33842
    -5.37433
     -5.3573
     -5.3053
    -5.33758
     -5.4323
     -5.2906
    -5.33753
    -5.30546
    -5.30644
    -5.28433
     -5.1482
    -5.17629
    -5.34951
    -5.41082
    -5.40384
    -5.37397
    -5.37381
    -5.41595
    -5.39118
    -5.37405
    -5.37948
    -5.42066
    -5.37365
    -5.34458
    -5.26162
    -5.25936
    -5.14747
    -5.12883
    -5.23835
    -5.17435
    -5.20398
    -5.14516
    -5.26113
    -5.28794
    -5.19651
    -5.24472
    -5.32161
    -5.33714
    -5.40575
    -5.38974
    -5.40079
    -5.39742
     -5.4294
    -5.40186
    -5.36123
    -5.34562
    -5.39693
    -5.40222
    -5.44804
    -5.40658
    -5.39972
     -5.5124
    -5.49978
     -5.3946
    -5.44655
    -5.41759
    -5.34114
    -5.25539
    -5.25709
    -5.24536
    -5.21538
    -5.27103
    -5.30945
    -5.35079
     -5.4654
    -5.46272
    -5.47994
    -5.39909
     -5.3748
    -5.41556
    -5.33233
    -5.45447
    -5.50457
    -5.45984
    -5.46321
    -5.40367
    -5.38673
    -5.45109
    -5.48348
    -5.49526
    -5.39035
    -5.46606
     -5.4012
    -5.29485
    -5.44052
    -5.44963
    -5.44114
    -5.40384
    -5.37404
    -5.26415
    -5.34616
    -5.25505
    -5.34105
    -5.31299
    -5.22771
    -5.24091
    -5.27264
    -5.34335
    -5.35106
    -5.24399
     -5.2497
    -5.23407
    -5.23627
    -5.24311
     -5.3714
    -5.29502
    -5.22643
     -5.2422
    -5.30959
    -5.29463
    -5.32515
    -5.36429
    -5.34116
    -5.45046
    -5.37492
    -5.35087
     -5.3307
    -5.39149
    -5.33656
    -5.33359
    -5.23501
    -5.33469
    -5.42811
    -5.46163
    -5.47822
    -5.31963
    -5.33698
    -5.34005
    -5.33696
    -5.42945
    -5.49919
    -5.46866
    -5.51187
    -5.51514
    -5.46032
    -5.46887
    -5.41247
    -5.46402
    -5.47718
    -5.38494
    -5.50962
    -5.58888
    -5.55142
    -5.57756
    -5.57973
    -5.55187
    -5.63791
    -5.66605
    -5.71492
    -5.78753
    -5.66158
    -5.59638
    -5.54544
    -5.58985
    -5.55295
    -5.64246
     -5.6675
    -5.67147
    -5.74734
    -5.64982
     -5.6296
    -5.59492
    -5.71086
    -5.67017
    -5.60372
     -5.5796
    -5.54367
    -5.60562
    -5.52264
    -5.39309
    -5.34693
      -5.492
    -5.45024
    -5.35837
    -5.43065
    -5.38812
    -5.41986
    -5.47149
     -5.5474
    -5.50185
    -5.46099
    -5.40354
    -5.43513
    -5.51977
    -5.52496
    -5.46814
     -5.4163
    -5.53572
    -5.50749
    -5.38002
    -5.45997
    -5.47385
    -5.47052
    -5.34006
    -5.15774
    -5.20038
      -5.302
    -5.24705
    -5.30457
       -5.22
    -5.28541
    -5.32262
     -5.3239
    -5.29482
     -5.2812
    -5.43009
    -5.35377
    -5.30859
    -5.23324
    -5.25475
    -5.29131
    -5.29699
     -5.3374
    -5.39976
    -5.41385
    -5.43197
    -5.53283
    -5.49937
    -5.45134
    -5.47072
    -5.51024
    -5.50494
    -5.47632
    -5.52121
    -5.50464
    -5.49978
    -5.45634
    -5.39423
     -5.4606
    -5.54108
    -5.57132
    -5.53328
    -5.54359
    -5.58377
    -5.53385
    -5.63641
     -5.5562
    -5.45548
    -5.45844
    -5.52909
    -5.49792
    -5.51214
    -5.54018
    -5.53376
    -5.49698
     -5.4902
    -5.53511
    -5.50131
    -5.47739
    -5.44939
    -5.40274
    -5.40976
    -5.33505
    -5.36921
    -5.35872
    -5.37968
    -5.42179
    -5.46536
    -5.54626
     -5.5503
    -5.50896
    -5.51255
    -5.55479
    -5.55184
    -5.41253
     -5.4533
    -5.45904
    -5.36876
    -5.36197
     -5.3279
    -5.30543
    -5.16874
    -5.31997
    -5.36717
    -5.30816
    -5.34536
    -5.52438
    -5.56202
    -5.46242
    -5.53887
    -5.40317
    -5.44726
    -5.45151
    -5.43208
    -5.38856
    -5.45199
     -5.4746
    -5.42241
    -5.41611
    -5.40181
    -5.40365
     -5.4291
    -5.42107
    -5.48907
    -5.46362
    -5.36112
     -5.2854
    -5.37621
    -5.29385
    -5.28341
    -5.32556
    -5.24461
    -5.35556
    -5.32875
     -5.3281
    -5.21908
    -5.36284
    -5.45956
    -5.44637
    -5.52314
    -5.44661
    -5.47035
    -5.44851
    -5.43431
    -5.49571
    -5.40783
    -5.41223
     -5.4828
    -5.37338
    -5.45926
    -5.51905
    -5.54293
    -5.49942
    -5.51204
     -5.5563
    -5.61419
    -5.64995
    -5.60224
    -5.59226
    -5.55841
    -5.58008
    -5.56275
    -5.59129
    -5.60575
    -5.61041
    -5.52088
     -5.4443
     -5.5222
    -5.54613
     -5.5215
    -5.42405
    -5.35274
    -5.38198
    -5.37042
    -5.38774
    -5.42953
    -5.37531
    -5.33234
    -5.32366
    -5.30276
    -5.27031
    -5.23673
    -5.26854
     -5.2397
    -5.26877
    -5.40104
    -5.31001
    -5.27423
    -5.32233
    -5.30345
     -5.2696
    -5.24833
    -5.32247
    -5.39093
    -5.21592
    -5.25316
    -5.37308
    -5.38355
    -5.29107
    -5.35305
    -5.29313
    -5.37778
    -5.34739
     -5.4743
    -5.44154
    -5.43148
    -5.37878
    -5.46846
    -5.36145
      -5.362
    -5.36247
    -5.47222
    -5.50033
     -5.5631
    -5.65422
    -5.62026
    -5.56419
    -5.57636
    -5.53844
    -5.53272
     -5.5641
    -5.56895
    -5.56844
    -5.47443
    -5.42498
    -5.52175
    -5.49001
    -5.51648
    -5.52437
    -5.56582
    -5.55683
    -5.55012
    -5.59134
    -5.57351
    -5.39492
    -5.46641
    -5.37081
    -5.42538
    -5.47034
    -5.45879
    -5.48324
    -5.36841
    -5.33736
    -5.42382
    -5.48804
    -5.48415
    -5.45082
    -5.33782
    -5.37564
    -5.50336
     -5.5023
    -5.53338
    -5.58472
    -5.58424
    -5.45587
    -5.48574
    -5.47212
    -5.44828
    -5.39593
    -5.44228
    -5.31121
    -5.43914
    -5.47413
    -5.41019
    -5.36863
    -5.37588
    -5.45545
    -5.39387
    -5.37864
    -5.35357
     -5.4144
    -5.62661
    -5.60917
    -5.55841
    -5.55669
    -5.47449
     -5.4558
     -5.4521
    -5.51559
    -5.45651
     -5.4209
    -5.45652
     -5.4242
    -5.57295
    -5.58432
    -5.48148
    -5.48046
    -5.41882
    -5.44524
    -5.36779
    -5.37178
    -5.32237
    -5.44092
     -5.4815
    -5.55383
    -5.46297
    -5.53634
    -5.55729
    -5.47146
    -5.50729
    -5.50645
    -5.44307
    -5.51836
    -5.46831
    -5.48708
    -5.47423
    -5.58703
    -5.59937
    -5.53553
    -5.55069
    -5.49312
    -5.56373
     -5.5379
     -5.5412
    -5.44954
    -5.48195
    -5.43137
    -5.46166
    -5.58567
    -5.49994
     -5.5489
    -5.51282
    -5.49145
    -5.47579
    -5.53482
    -5.53407
    -5.46014
    -5.43271
    -5.43653
    -5.43266
    -5.52783
    -5.43711
    -5.43935
    -5.52841
    -5.51247
    -5.55258
    -5.53832
    -5.47276
    -5.48664
    -5.43484
    -5.41442
    -5.47572
    -5.39486
    -5.42517
    -5.52135
    -5.53499
    -5.59023
    -5.48462
     -5.4111
    -5.46652
    -5.44613
    -5.40071
    -5.45552
     -5.4677
     -5.3926
     -5.5273
     -5.5584
    -5.51725
    -5.57964
    -5.56489
    -5.51361
    -5.56047
    -5.47996
    -5.39048
    -5.51774
    -5.63893
    -5.54659
    -5.50338
    -5.52416
     -5.4874
    -5.52006
    -5.51973
     -5.4701
    -5.44467
    -5.38738
    -5.49971
      -5.453
    -5.51641
    -5.50203
    -5.51158
    -5.57386
    -5.51599
    -5.50164
     -5.4166
    -5.37788
    -5.36061
     -5.4319
    -5.36602
    -5.38725
    -5.44048
    -5.49204
    -5.51339
    -5.59208
    -5.64745
    -5.60214
    -5.61676
    -5.62223
    -5.45103
    -5.46098
    -5.55255
    -5.58837
    -5.55428
    -5.58654
    -5.62783
    -5.67713
    -5.59295
    -5.53719
     -5.4013
    -5.42699
    -5.42285
    -5.39012
     -5.3958
    -5.44238
     -5.4261
    -5.50292
    -5.44027
    -5.39934
    -5.29989
    -5.25006
    -5.33236
    -5.36809
    -5.43055
     -5.3426
    -5.41605
    -5.44841
    -5.57723
    -5.51087
    -5.45465
    -5.43014
    -5.39469
     -5.4341
    -5.40787
    -5.36893
    -5.35949
     -5.3248
    -5.47073
    -5.40452
    -5.42385
    -5.47897
    -5.47681
    -5.41461
    -5.46431
    -5.45508
    -5.38311
    -5.37817
    -5.29595
    -5.33573
     -5.2926
    -5.35885
    -5.36987
    -5.35044
    -5.44942
    -5.44882
    -5.47996
    -5.45747
    -5.50932
    -5.64167
    -5.56912
    -5.52834
    -5.51433
    -5.51128
    -5.44046
    -5.52829
    -5.52931
    -5.42174
    -5.50607
    -5.51955
    -5.56219
    -5.55201
    -5.59105
    -5.47993
    -5.45195
    -5.44627
    -5.47245
    -5.49976
    -5.43096
    -5.31982
    -5.46997
    -5.56369
    -5.62973
    -5.54728
    -5.56977
    -5.63911
    -5.69737
    -5.66012
    -5.60517
    -5.54906
    -5.51276
    -5.54348
    -5.52714
    -5.54727
     -5.4951
    -5.47954
    -5.49675
    -5.51343
    -5.61349
    -5.61508
    -5.52492
    -5.56494
    -5.54749
    -5.56185
     -5.5076
    -5.52967
    -5.53441
    -5.47807
    -5.47842
    -5.44238
    -5.36503
    -5.35204
    -5.32965
    -5.35025
    -5.34384
    -5.36212
    -5.40368
    -5.45871
    -5.39195
    -5.38238
    -5.40318
    -5.42249
    -5.52807
    -5.46635
    -5.47389
    -5.50974
    -5.56816
    -5.64793
    -5.67978
    -5.57156
    -5.59666
    -5.49118
    -5.47226
    -5.49317
    -5.52654
    -5.54317
    -5.49505
    -5.40151
    -5.42834
    -5.49966
    -5.44748
    -5.46677
    -5.47904
    -5.41124
    -5.42703
    -5.47428
    -5.53999
    -5.52068
     -5.5368
    -5.51355
    -5.56122
    -5.56981
     -5.4796
    -5.36888
    -5.34951
    -5.40343
    -5.44479
    -5.43582
    -5.45548
    -5.40881
    -5.30856
    -5.33031
    -5.29058
    -5.29431
    -5.37314
    -5.42436
    -5.39633
    -5.43709
     -5.4225
    -5.42123
    -5.37151
    -5.44059
    -5.44736
    -5.35927
    -5.48371
    -5.53517
    -5.37118
    -5.44049
     -5.3875
    -5.50092
    -5.49595
    -5.49804
    -5.52347
    -5.53775
     -5.4344
    -5.41221
    -5.45229
    -5.50011
    -5.56301
    -5.55451
    -5.40749
    -5.40986
    -5.43491
    -5.44264
    -5.47966
    -5.50017
    -5.52576
    -5.48131
    -5.50052
    -5.49524
    -5.52061
    -5.42105
    -5.45736
    -5.46823
    -5.54198
    -5.51152
    -5.44556
    -5.33765
    -5.27457
    -5.40745
    -5.42805
     -5.4906
    -5.48104
    -5.37283
     -5.3898
    -5.41613
    -5.26329
    -5.31089
    -5.38194
     -5.4019
    -5.43496
    -5.43593
    -5.43441
    -5.53769
    -5.50649
    -5.42851
    -5.38905
    -5.50296
    -5.54238
    -5.51423
     -5.4995
    -5.52018
    -5.49528
    -5.51938
    -5.50375
    -5.49971
    -5.37348
      -5.381
    -5.31458
    -5.35025
    -5.49105
    -5.44333
    -5.43795
    -5.36259
    -5.41982
    -5.45251
    -5.48822
     -5.5355
     -5.5904
    -5.54389
    -5.53703
    -5.56121
    -5.49404
     -5.5039
    -5.49319
     -5.5061
     -5.4869
    -5.48397
    -5.42691
    -5.48562
    -5.49622
     -5.4365
    -5.56378
    -5.45204
    -5.49242
    -5.49142
    -5.50044
    -5.50867
    -5.55017
    -5.42785
    -5.52082
    -5.52815
    -5.53292
    -5.61185
    -5.62496
    -5.60311
    -5.52199
     -5.5346
    -5.54212
    -5.58676
    -5.49373
    -5.48939
    -5.49705
    -5.56396
    -5.61638
    -5.55367
    -5.47512
     -5.5263
    -5.51466
    -5.55925
    -5.56593
    -5.58172
    -5.62357
    -5.68597
    -5.58178
    -5.53632
    -5.52958
    -5.47262
    -5.41824
    -5.34755
     -5.4482
    -5.36356
      -5.451
    -5.40512
    -5.42561
     -5.4868
    -5.38172
    -5.43878
     -5.3675
    -5.42808
    -5.35015
    -5.38133
     -5.4083
    -5.41042
    -5.36428
     -5.3552
    -5.31899
    -5.20618
    -5.30699
    -5.43208
    -5.33701
    -5.44291
    -5.45735
    -5.49921
    -5.41805
    -5.51628
    -5.47536
    -5.53004
     -5.5444
    -5.53662
    -5.60067
     -5.5786
    -5.50371
    -5.55282
    -5.61437
    -5.57409
    -5.56661
    -5.45202
    -5.43597
    -5.35124
    -5.53482
    -5.46433
    -5.51941
     -5.4178
    -5.34493
    -5.41175
     -5.4955
    -5.47698
    -5.41383
     -5.2984
    -5.35489
    -5.33656
    -5.53556
    -5.49167
    -5.46586
    -5.42284
    -5.40317
    -5.39337
    -5.42157
    -5.43079
    -5.35812
    -5.42198
    -5.48854
    -5.55954
    -5.50053
     -5.5037
    -5.54774
    -5.61681
    -5.51021
    -5.46437
     -5.5054
    -5.44593
    -5.47022
    -5.54095
    -5.56921
    -5.49299
    -5.55438
    -5.44246
     -5.4715
    -5.47853
     -5.3949
    -5.55134
    -5.54121
    -5.53895
    -5.53312
    -5.51066
    -5.40881
    -5.52661
    -5.47583
    -5.39422
    -5.56076
    -5.52203
    -5.52807
    -5.48809
    -5.56249
    -5.44187
    -5.47907
    -5.48299
    -5.56212
    -5.55778
    -5.54118
    -5.47244
    -5.59885
    -5.64468
     -5.6405
    -5.57642
    -5.56465
    -5.57589
     -5.5549
    -5.51153
    -5.55893
    -5.53743
    -5.53333
    -5.44114
    -5.54496
    -5.59233
    -5.61038
    -5.61348
    -5.45731
    -5.54736
    -5.53081
    -5.48401
    -5.45203
    -5.46052
    -5.41993
    -5.40628
    -5.50631
    -5.54437
    -5.42487
     -5.5233
    -5.58854
    -5.57533
    -5.54976
    -5.45575
    -5.43349
    -5.54593
    -5.47894
    -5.46023
    -5.40449
    -5.42381
    -5.41217
    -5.43128
    -5.39492
    -5.38266
    -5.39894
    -5.51215
    -5.56735
    -5.54097
    -5.55117
    -5.50213
     -5.4885
    -5.52904
    -5.58098
    -5.40491
    -5.33197
    -5.41516
    -5.42757
    -5.44807
    -5.33812
    -5.51462
    -5.54183
    -5.59872
     -5.4944
    -5.45176
    -5.49185
    -5.45635
    -5.54204
    -5.52397
    -5.49759
    -5.51555
    -5.45779
    -5.54841
    -5.48714
    -5.46101
    -5.45748
    -5.36369
     -5.3574
    -5.31432
    -5.38113
    -5.41806
    -5.55353
     -5.4953
    -5.49812
    -5.53903
    -5.63834
    -5.61116
    -5.59737
    -5.53301
    -5.47302
    -5.42691
    -5.43754
      -5.464
    -5.41501
    -5.45546
    -5.34673
    -5.32805
    -5.42505
    -5.37294
    -5.47371
    -5.41196
    -5.44851
    -5.37365
    -5.42655
    -5.50297
    -5.50155
     -5.5221
       -5.55
    -5.55133
    -5.45029
     -5.4072
    -5.46931
    -5.45791
    -5.42093
    -5.39489
    -5.41365
    -5.48694
    -5.45352
    -5.47691
    -5.45308
    -5.35451
    -5.38531
    -5.43901
    -5.44855
    -5.40088
    -5.40587
    -5.46554
    -5.42579
    -5.40217
    -5.34761
     -5.3811
      -5.496
     -5.3986
    -5.43179
    -5.45679
    -5.37366
    -5.39506
    -5.46819
     -5.5179
     -5.4681
     -5.4169
    -5.45319
    -5.39904
      -5.382
    -5.40406
    -5.36411
    -5.28876
    -5.31159
    -5.31686
    -5.29376
     -5.2398
     -5.3565
    -5.23541
    -5.17287
    -5.25712
    -5.30296
    -5.41903
     -5.5175
    -5.53383
    -5.60904
    -5.57617
    -5.56007
    -5.59095
    -5.51478
    -5.60048
    -5.65589
    -5.62506
    -5.59133
    -5.54346
    -5.57092
    -5.55906
    -5.55055
    -5.48116
    -5.37274
    -5.32439
    -5.40954
     -5.5481
    -5.54397
    -5.60423
    -5.54687
    -5.50951
    -5.60335
    -5.64495
    -5.64944
    -5.65985
    -5.54028
    -5.53828
    -5.58483
    -5.57102
     -5.5569
     -5.5337
    -5.42011
    -5.45585
    -5.58622
     -5.5969
    -5.57808
    -5.52022
    -5.55692
    -5.40082
    -5.39436
     -5.4244
    -5.48356
    -5.47489
    -5.49082
    -5.52138
    -5.49553
    -5.51239
     -5.4501
    -5.42836
    -5.41213
    -5.46687
    -5.48424
    -5.46362
    -5.47114
    -5.42895
    -5.45567
    -5.38848
    -5.50967
    -5.41417
     -5.4852
     -5.4154
    -5.46674
    -5.40573
    -5.35253
    -5.40072
    -5.52077
    -5.52322
     -5.5247
    -5.57442
    -5.50459
    -5.46066
    -5.37116
    -5.46562
    -5.41191
    -5.41482
    -5.40227
    -5.39903
    -5.56966
    -5.52812
    -5.53295
    -5.57357
     -5.6004
    -5.62468
    -5.61662
    -5.56412
    -5.57652
    -5.60562
    -5.61057
    -5.60042
    -5.54258
    -5.56841
    -5.50676
    -5.52194
    -5.53614
    -5.56086
    -5.60086
    -5.60433
     -5.5803
    -5.59681
    -5.56316
    -5.51043
    -5.46121
    -5.46395
    -5.42646
    -5.49716
     -5.4851
    -5.52998
    -5.45829
    -5.45646
    -5.48591
    -5.37741
    -5.33166
    -5.30998
    -5.32904
    -5.25318
    -5.28516
    -5.51065
    -5.47384
    -5.45295
    -5.33482
    -5.35801
    -5.39701
    -5.37416
    -5.50958
    -5.55257
    -5.68203
    -5.67644
    -5.67048
    -5.60114
    -5.63969
     -5.5715
    -5.54851
    -5.61446
    -5.53858
    -5.56077
    -5.56893
    -5.47833
    -5.48792
    -5.50583
    -5.36485
     -5.4458
    -5.49839
    -5.30599
     -5.2676
    -5.36844
    -5.39645
    -5.37108
    -5.35856
    -5.43262
    -5.37446
    -5.36849
     -5.3326
    -5.39459
    -5.33708
    -5.27943
    -5.35931
    -5.41004
    -5.50073
    -5.48947
    -5.43599
    -5.45977
    -5.37778
     -5.3439
    -5.44726
     -5.4962
    -5.56284
    -5.49296
    -5.57519
     -5.5134
    -5.57468
    -5.53622
    -5.60347
    -5.56574
    -5.56031
    -5.42015
    -5.44423
    -5.59347
    -5.56548
    -5.60306
     -5.6344
    -5.60228
    -5.62593
    -5.69001
    -5.70134
    -5.67675
     -5.6218
    -5.58076
    -5.55533
    -5.41983
    -5.44306
    -5.46069
    -5.52891
    -5.54723
    -5.46712
    -5.44933
    -5.36093
    -5.43434
    -5.39708
    -5.40106
    -5.41962
    -5.40388
    -5.44568
    -5.50797
    -5.58538
    -5.60823
    -5.55483
    -5.54669
    -5.53864
    -5.57172
    -5.59208
    -5.61621
    -5.54603
    -5.55274
    -5.49569
    -5.50673
    -5.41155
    -5.51149
    -5.55348
    -5.40677
    -5.44977
    -5.47992
    -5.52837
    -5.56116
    -5.55745
    -5.51556
    -5.53609
    -5.59495
    -5.65944
    -5.63425
     -5.6209
    -5.66667
    -5.52792
      -5.524
    -5.45711
    -5.42043
    -5.41086
    -5.39128
     -5.4755
    -5.44211
    -5.40934
    -5.47194
    -5.41778
    -5.49215
     -5.4707
    -5.51427
    -5.43321
     -5.4291
    -5.41982
    -5.38657
    -5.42964
    -5.45264
    -5.46034
    -5.46148
    -5.39847
    -5.45558
    -5.41664
    -5.47694
    -5.45027
    -5.42989
    -5.44787
    -5.52822
    -5.54266
    -5.56202
    -5.50836
    -5.52384
    -5.50451
    -5.53398
     -5.5142
     -5.5524
    -5.61618
    -5.60439
     -5.5175
    -5.39496
    -5.44149
     -5.4673
    -5.39596
    -5.40571
    -5.44828
    -5.56458
    -5.53656
    -5.52014
    -5.46912
    -5.42722
    -5.38352
    -5.39055
    -5.44063
    -5.45476
    -5.35115
    -5.49764
    -5.54255
    -5.51142
    -5.54748
    -5.50848
    -5.48894
    -5.51855
    -5.57915
      -5.473
    -5.53985
    -5.52213
    -5.53268
    -5.53722
    -5.51423
    -5.44965
    -5.45712
    -5.53347
    -5.49771
    -5.47002
    -5.42011
    -5.48207
    -5.49863
    -5.50268
    -5.55597
    -5.51057
     -5.4921
     -5.4921
    -5.51504
    -5.54349
    -5.46957
     -5.4545
    -5.56638
    -5.50659
    -5.49686
    -5.49003
    -5.48081
    -5.46238
     -5.4506
     -5.3708
     -5.4631
    -5.45004
    -5.55518
    -5.63813
     -5.6468
    -5.61522
    -5.65269
    -5.63022
    -5.53583
    -5.57174
    -5.57668
    -5.57436
    -5.52183
    -5.56828
    -5.59611
    -5.56033
    -5.63395
    -5.51188
    -5.49471
    -5.51792
    -5.44235
    -5.50001
    -5.50742
    -5.57279
    -5.53728
    -5.39533
    -5.32814
    -5.39484
    -5.36265
    -5.32605
    -5.29034
    -5.27761
    -5.37695
    -5.28875
    -5.35838
    -5.26583
    -5.28727
    -5.34178
    -5.43526
    -5.45767
    -5.53465
    -5.43919
    -5.41316
    -5.44016
    -5.45456
    -5.49205
    -5.52696
    -5.42331
    -5.48662
    -5.54312
    -5.42959
    -5.48313
    -5.46377
     -5.4921
    -5.52736
    -5.47006
    -5.38864
    -5.35486
    -5.40074
    -5.44265
    -5.51828
    -5.51318
    -5.51396
    -5.40258
     -5.4501
    -5.57928
    -5.48974
    -5.43016
    -5.43621
    -5.47894
     -5.4337
    -5.31376
    -5.41371
    -5.33923
    -5.33536
    -5.40836
    -5.38074
    -5.42573
    -5.49252
    -5.50326
    -5.56188
     -5.5415
    -5.55764
    -5.50169
    -5.59369
    -5.57979
    -5.55788
    -5.50449
    -5.54256
    -5.53968
    -5.52305
    -5.42566
     -5.4932
    -5.46564
    -5.53529
    -5.50589
    -5.44255
    -5.36959
     -5.4574
    -5.52086
    -5.50293
    -5.48661
     -5.3874
    -5.37658
    -5.40156
    -5.41154
    -5.50014
     -5.4071
    -5.28676
    -5.29713
    -5.33617
    -5.37532
    -5.43112
     -5.4974
    -5.51993
    -5.53314
    -5.54965
    -5.50379
     -5.5037
    -5.44918
    -5.47179
    -5.48244
    -5.55318
    -5.52844
    -5.65413
    -5.59715
    -5.56844
    -5.51627
    -5.49362
    -5.48214
    -5.49909
    -5.47568
    -5.46921
    -5.45818
    -5.44671
    -5.45595
    -5.47078
    -5.46737
    -5.53484
    -5.52909
    -5.60636
    -5.57119
    -5.53966
    -5.56317
     -5.5586
    -5.55847
    -5.56906
    -5.55672
    -5.58598
    -5.59808
    -5.59501
    -5.54383
    -5.52487
     -5.5435
    -5.52227
    -5.49238
    -5.35475
    -5.37741
    -5.31585
    -5.27658
    -5.36447
    -5.33472
     -5.4134
     -5.4741
    -5.54177
    -5.44146
    -5.58642
    -5.49379
    -5.52622
    -5.49019
    -5.48313
    -5.45997
     -5.5021
    -5.44968
    -5.39083
    -5.42559
    -5.46893
    -5.41219
    -5.46975
    -5.52338
    -5.55526
    -5.56846
    -5.54846
    -5.46095
    -5.38703
    -5.46154
    -5.40528
    -5.37026
    -5.36943
    -5.38917
    -5.39779
    -5.39992
    -5.42029
    -5.36949
    -5.25803
     -5.2947
    -5.35914
     -5.4412
    -5.40234
    -5.47298
    -5.42163
    -5.42915
    -5.37146
    -5.24376
    -5.29913
    -5.33197
    -5.30895
     -5.2743
    -5.19365
    -5.18767
    -5.35346
    -5.40429
    -5.35946
    -5.40584
    -5.49107
    -5.42757
     -5.4786
    -5.45448
    -5.53918
     -5.5066
    -5.36679
    -5.47028
    -5.51342
    -5.46975
    -5.49737
     -5.5621
    -5.57388
    -5.60891
    -5.52442
     -5.5079
    -5.43923
    -5.57469
    -5.54794
    -5.60772
    -5.58363
    -5.65122
    -5.66839
    -5.56848
    -5.61464
    -5.59839
    -5.61255
    -5.58486
    -5.57277
    -5.54136
    -5.54257
    -5.52125
    -5.55087
    -5.52083
    -5.50531
    -5.45033
    -5.47357
    -5.50427
    -5.45872
     -5.5322
    -5.47137
    -5.51937
    -5.42275
    -5.47455
    -5.48313
    -5.53193
    -5.54187
    -5.56676
    -5.51781
    -5.57624
    -5.54864
    -5.47103
     -5.4635
    -5.42929
    -5.32757
    -5.22796
    -5.33424
    -5.45328
    -5.40867
    -5.54317
    -5.56162
     -5.5247
    -5.49629
    -5.46961
    -5.41612
    -5.49492
    -5.49367
    -5.50662
    -5.50246
    -5.54175
     -5.6896
    -5.61327
    -5.54314
    -5.55625
    -5.61952
    -5.60204
    -5.61608
    -5.67208
    -5.58106
    -5.58119
    -5.64252
    -5.65756
    -5.66288
    -5.56397
     -5.6842
    -5.68201
    -5.60916
    -5.60399
     -5.5616
    -5.51046
    -5.52863
    -5.52324
    -5.44025
    -5.41071
     -5.4918
    -5.49317
    -5.49076
    -5.37671
    -5.47098
    -5.50699
    -5.38019
    -5.35424
    -5.43405
    -5.50297
     -5.4428
    -5.43495
    -5.37944
    -5.38885
    -5.44727
    -5.46758
     -5.4824
    -5.51295
    -5.51358
    -5.46982
    -5.46316
    -5.47399
    -5.53202
      -5.584
    -5.53807
    -5.43367
      -5.416
    -5.44636
    -5.31359
    -5.30917
    -5.31391
    -5.40447
    -5.41877
    -5.43348
    -5.41882
    -5.47514
    -5.49543
    -5.55154
     -5.5122
    -5.47808
    -5.57711
    -5.52673
    -5.45103
    -5.46524
    -5.44168
    -5.32927
     -5.2555
    -5.28638
     -5.3972
    -5.36324
    -5.38443
    -5.31285
    -5.36568
    -5.47271
    -5.43317
    -5.41968
    -5.47986
    -5.42124
    -5.43106
     -5.2654
    -5.28665
    -5.43557
    -5.48061
     -5.4438
    -5.41558
    -5.33095
    -5.41553
    -5.43015
    -5.34022
    -5.28918
    -5.24892
    -5.24049
    -5.38228
    -5.44615
    -5.36818
    -5.50636
    -5.53756
     -5.4807
    -5.47182
      -5.583
     -5.5803
    -5.57434
    -5.43996
    -5.48398
    -5.44695
    -5.46851
    -5.35717
    -5.24112
    -5.17218
    -5.24976
    -5.33633
    -5.31727
    -5.25764
    -5.24148
    -5.29106
    -5.30197
    -5.28641
     -5.3033
    -5.38448
    -5.34538
    -5.38523
    -5.44514
    -5.40922
    -5.49973
    -5.52977
    -5.42853
     -5.4045
    -5.45015
    -5.46348
    -5.44953
    -5.43776
    -5.46131
    -5.50209
    -5.58961
    -5.47178
     -5.4331
    -5.43579
    -5.58508
    -5.52911
      -5.491
     -5.5053
    -5.52573
    -5.57009
    -5.55042
    -5.52091
    -5.49049
    -5.46461
    -5.36165
    -5.36945
    -5.39462
    -5.46808
    -5.47973
    -5.53482
    -5.42606
    -5.39424
    -5.22042
    -5.27761
    -5.35021
    -5.25491
    -5.23539
    -5.27011
    -5.23674
    -5.36536
    -5.32594
    -5.35022
    -5.30456
    -5.25103
    -5.34578
    -5.41053
    -5.48704
     -5.5657
     -5.4845
    -5.47115
    -5.43072
    -5.39185
    -5.45564
      -5.462
    -5.44045
    -5.46686
    -5.36546
    -5.37726
    -5.41243
    -5.41961
    -5.30253
    -5.37346
    -5.41253
    -5.37449
    -5.34361
    -5.36358
    -5.38096
    -5.38238
    -5.43752
    -5.36968
    -5.31158
    -5.36734
    -5.41848
    -5.50491
    -5.42611
    -5.40165
    -5.39859
    -5.43267
     -5.5103
    -5.52217
    -5.43349
    -5.41768
    -5.45696
    -5.48486
    -5.51953
     -5.5725
    -5.45284
    -5.48295
    -5.42197
    -5.40172
    -5.40625
    -5.44404
    -5.40531
    -5.47955
    -5.45891
    -5.45523
    -5.45566
    -5.50677
    -5.44659
    -5.34389
    -5.40478
    -5.58318
    -5.51263
    -5.57931
    -5.60907
    -5.54441
    -5.58952
     -5.5736
    -5.50554
    -5.51462
    -5.46813
     -5.4736
    -5.49048
    -5.48447
    -5.50813
    -5.52724
    -5.54198
     -5.4583
    -5.54562
    -5.56878
    -5.57792
    -5.56891
    -5.40362
    -5.39642
    -5.39776
    -5.41378
    -5.41258
    -5.42743
    -5.54531
    -5.37653
    -5.34399
    -5.35352
    -5.34411
    -5.33068
    -5.43449
    -5.39772
    -5.42319
      -5.418
    -5.39398
    -5.28356
    -5.33455
    -5.42317
    -5.38446
    -5.52258
    -5.52985
    -5.54077
    -5.52621
    -5.50536
    -5.45082
    -5.44167
    -5.45479
    -5.43772
    -5.31479
    -5.35824
    -5.35478
    -5.51882
    -5.54473
    -5.55994
    -5.60311
    -5.52578
    -5.53568
    -5.58527
    -5.55261
    -5.54736
    -5.54082
    -5.45541
    -5.53268
    -5.53398
    -5.52673
    -5.49519
    -5.36738
    -5.39545
    -5.38734
    -5.43338
    -5.31362
    -5.41047
    -5.48914
    -5.40054
    -5.39895
    -5.41275
    -5.46812
    -5.52872
    -5.54243
    -5.48988
    -5.47233
    -5.46154
    -5.51938
    -5.57402
    -5.46883
    -5.48956
    -5.45855
    -5.51292
    -5.51456
    -5.51418
    -5.42496
    -5.46269
    -5.49051
    -5.41885
    -5.35272
    -5.33212
    -5.42975
    -5.42479
    -5.46106
    -5.43181
     -5.4606
    -5.44962
    -5.52999
    -5.53009
    -5.48873
    -5.56373
    -5.65169
    -5.56546
    -5.55033
    -5.62905
    -5.68803
    -5.64838
    -5.57655
    -5.55914
    -5.46109
     -5.5499
    -5.56665
    -5.56204
    -5.56751
    -5.51312
    -5.48987
    -5.58238
    -5.54043
     -5.6431
     -5.5628
    -5.62991
    -5.67285
    -5.61362
    -5.57353
    -5.56877
    -5.63464
    -5.68698
     -5.6716
    -5.57749
    -5.47485
    -5.53929
    -5.52621
    -5.47234
    -5.44655
    -5.42648
    -5.48523
    -5.50528
    -5.50295
    -5.51591
    -5.48025
    -5.47275
     -5.3998
    -5.45382
    -5.51144
    -5.48973
    -5.46841
     -5.4744
    -5.50091
    -5.38375
     -5.4738
    -5.35344
     -5.4899
    -5.45388
    -5.56792
    -5.46596
     -5.4997
    -5.49349
    -5.39394
    -5.37657
    -5.36089
     -5.3023
    -5.38992
    -5.31233
    -5.36619
    -5.28871
     -5.2428
    -5.24515
    -5.22845
    -5.18897
    -5.27207
    -5.27809
     -5.2954
    -5.39883
    -5.39538
    -5.46376
    -5.48968
     -5.5222
    -5.52813
    -5.49595
    -5.46108
    -5.55925
    -5.52826
    -5.57828
    -5.63094
    -5.59034
    -5.55644
    -5.57964
    -5.58005
    -5.54342
    -5.56318
    -5.61621
    -5.63997
    -5.58883
    -5.54064
    -5.50685
    -5.42852
    -5.45029
    -5.39199
     -5.3902
    -5.54263
    -5.61235
    -5.51989
    -5.55891
    -5.52399
    -5.55797
    -5.53904
    -5.57277
    -5.47066
    -5.46713
    -5.38486
    -5.34831
     -5.3527
    -5.42053
    -5.44428
    -5.43362
    -5.30005
    -5.38261
    -5.46637
    -5.48101
     -5.4935
    -5.46928
    -5.38996
    -5.42482
    -5.40214
    -5.36087
    -5.44215
    -5.46783
    -5.40761
     -5.4401
    -5.47076
    -5.51229
    -5.57312
    -5.53609
    -5.48209
    -5.44087
    -5.54619
    -5.48372
    -5.47136
    -5.48784
     -5.4152
    -5.40691
    -5.48262
    -5.42644
    -5.43563
    -5.45428
    -5.49269
     -5.5056
    -5.50993
    -5.62994
    -5.61722
    -5.52394
     -5.5795
    -5.71555
    -5.60554
    -5.57882
    -5.56485
    -5.56129
     -5.5534
    -5.44871
    -5.39368
    -5.32255
    -5.49927
     -5.5764
    -5.51925
     -5.5268
      -5.613
    -5.53629
    -5.55196
    -5.49254
    -5.47054
    -5.48059
    -5.43736
    -5.49153
    -5.35301
     -5.3813
    -5.46885
    -5.40617
    -5.31862
    -5.36442
    -5.30857
    -5.38992
    -5.40946
    -5.42283
    -5.43196
    -5.46209
    -5.38149
     -5.5188
    -5.50553
    -5.52478
    -5.49588
     -5.5311
     -5.4858
    -5.48788
     -5.4805
    -5.58701
    -5.52546
     -5.4125
    -5.46031
    -5.38192
    -5.31702
    -5.33785
    -5.29644
    -5.32565
    -5.40048
    -5.42411
     -5.4478
    -5.45215
     -5.4091
    -5.42627
     -5.4329
    -5.39766
    -5.43867
    -5.47638
    -5.48858
     -5.3812
    -5.40091
    -5.43948
    -5.42789
    -5.47332
    -5.43229
    -5.42391
    -5.41045
    -5.40539
    -5.44987
     -5.4085
    -5.38288
    -5.35824
    -5.34124
    -5.35158
    -5.34268
    -5.38579
    -5.38012
    -5.42525
    -5.44819
    -5.56212
      -5.534
     -5.4854
    -5.50278
    -5.47173
     -5.4664
    -5.36633
    -5.46373
    -5.47744
    -5.46314
    -5.51198
    -5.52007
     -5.5575
    -5.53893
    -5.54357
    -5.45922
    -5.50763
    -5.48032
    -5.51245
    -5.36875
    -5.35187
    -5.55791
    -5.47275
    -5.45731
    -5.39938
     -5.2764
    -5.28448
    -5.38506
    -5.48019
     -5.3787
    -5.38555
     -5.3599
    -5.45454
    -5.37627
    -5.47761
    -5.46936
    -5.52096
    -5.48687
    -5.44014
    -5.42997
    -5.48719
    -5.61503
    -5.62529
    -5.66263
    -5.70216
    -5.66408
    -5.64249
    -5.57428
    -5.59368
    -5.71455
    -5.66896
    -5.56306
    -5.54569
    -5.57332
    -5.59201
    -5.62768
    -5.66151
     -5.6419
    -5.62034
    -5.56271
    -5.53561
     -5.4675
    -5.49939
     -5.4871
     -5.5708
    -5.50996
    -5.55189
    -5.60807
    -5.61133
     -5.5992
    -5.57381
    -5.52969
    -5.50967
    -5.48608
    -5.53302
    -5.51647
     -5.4695
    -5.57637
    -5.58661
    -5.48374
    -5.52255
     -5.5198
    -5.56776
    -5.56766
    -5.58852
    -5.60961
    -5.67406
    -5.62619
    -5.60969
    -5.60441
    -5.50385
    -5.47805
    -5.52424
      -5.481
    -5.46138
    -5.52181
    -5.48246
    -5.41929
    -5.36341
    -5.44602
    -5.35013
    -5.51846
     -5.4909
    -5.46224
    -5.47835
    -5.63159
     -5.5884
    -5.57054
    -5.63448
    -5.66735
    -5.57862
    -5.66196
    -5.58356
    -5.59584
    -5.51997
    -5.55162
    -5.64019
    -5.57035
    -5.59513
    -5.52931
    -5.64649
    -5.64433
    -5.72096
    -5.59045
    -5.59181
    -5.59448
    -5.60716
    -5.53397
    -5.53322
    -5.49675
    -5.50302
    -5.42905
    -5.40918
    -5.43253
    -5.43072
    -5.46058
    -5.47668
    -5.47819
    -5.39949
    -5.48729
    -5.53129
    -5.47071
    -5.48313
    -5.53727
    -5.54441
    -5.49956
    -5.55834
    -5.53716
    -5.50316
    -5.46928
    -5.49348
    -5.48533
    -5.49673
    -5.55176
    -5.43923
      -5.506
    -5.45701
    -5.38257
    -5.40577
    -5.34453
     -5.2417
    -5.20169
    -5.33759
    -5.27065
    -5.35665
    -5.40675
    -5.40193
    -5.41152
    -5.40288
    -5.48553
    -5.50483
    -5.54575
    -5.50096
    -5.45489
     -5.4381
    -5.49779
    -5.44919
    -5.35289
    -5.45106
    -5.55986
    -5.59306
    -5.48859
    -5.42724
    -5.43744
     -5.4438
    -5.37105
    -5.40624
    -5.29193
    -5.28245
    -5.33988
    -5.39336
    -5.38141
    -5.40262
    -5.39961
    -5.33438
    -5.33101
    -5.31608
    -5.37498
     -5.3158
    -5.36997
    -5.40895
    -5.38942
    -5.45316
    -5.47941
    -5.48151
    -5.47358
    -5.44717
    -5.44826
    -5.38173
     -5.3688
    -5.37863
    -5.36673
    -5.39351
     -5.4235
    -5.34276
    -5.34123
    -5.45546
    -5.45411
     -5.4191
    -5.49554
    -5.52337
    -5.51226
    -5.46779
    -5.46017
    -5.49146
    -5.44608
    -5.45491
    -5.41508
    -5.34791
    -5.31013
    -5.36387
    -5.43252
    -5.41029
    -5.44815
    -5.41734
     -5.4206
    -5.46303
    -5.44815
     -5.3972
    -5.45397
    -5.44183
    -5.49846
    -5.33081
     -5.3257
    -5.28895
    -5.30827
    -5.21679
    -5.27455
    -5.30148
    -5.20043
    -5.30468
    -5.32461
    -5.38666
    -5.48074
    -5.47737
    -5.49033
    -5.47216
    -5.40306
    -5.44565
     -5.3988
     -5.3865
     -5.2755
    -5.37997
    -5.42132
     -5.4702
    -5.38373
    -5.42858
    -5.48491
    -5.51026
    -5.49664
    -5.46688
    -5.52876
    -5.50025
    -5.57081
    -5.57216
    -5.52598
    -5.54389
    -5.54361
    -5.56159
    -5.60885
     -5.6008
     -5.6033
    -5.52343
    -5.46591
    -5.55303
    -5.48812
    -5.56927
    -5.43917
    -5.36287
    -5.45564
     -5.3975
    -5.43815
    -5.53694
    -5.53608
     -5.4445
    -5.39413
    -5.49336
    -5.49757
    -5.57497
    -5.52847
    -5.50976
    -5.49744
    -5.51261
    -5.51247
    -5.53737
    -5.44813
     -5.4716
    -5.53499
    -5.55751
    -5.48101
    -5.45261
    -5.40993
    -5.48092
     -5.4301
    -5.43289
     -5.4204
    -5.45347
     -5.3693
    -5.37743
    -5.45114
    -5.50362
    -5.40173
    -5.42965
    -5.33308
    -5.35626
    -5.35012
    -5.38421
     -5.3797
    -5.41867
    -5.39426
    -5.36196
    -5.34764
    -5.42116
    -5.36829
    -5.36337
    -5.43772
    -5.45184
    -5.49192
    -5.47934
    -5.46291
    -5.37989
     -5.3909
    -5.39503
    -5.39933
     -5.3683
    -5.34234
    -5.33477
    -5.43245
    -5.45598
     -5.4206
    -5.46325
    -5.51818
    -5.48856
    -5.43007
    -5.43307
    -5.51952
    -5.44466
    -5.40446
    -5.34936
    -5.37112
    -5.31164
    -5.27967
    -5.42198
    -5.38493
    -5.36614
    -5.37335
    -5.44303
    -5.47032
    -5.45786
    -5.46742
    -5.46349
    -5.50052
    -5.48315
    -5.46934
    -5.42191
    -5.41082
    -5.43981
    -5.32497
    -5.41148
    -5.43877
    -5.49044
     -5.5056
     -5.4978
    -5.50917
    -5.53928
     -5.5749
    -5.52829
    -5.42055
    -5.54474
    -5.47349
    -5.45292
    -5.53171
    -5.39044
    -5.35486
     -5.4144
    -5.41898
    -5.45173
    -5.51397
    -5.59427
     -5.5433
    -5.65312
    -5.58426
    -5.50659
    -5.48513
    -5.36077
    -5.47697
    -5.52431
    -5.56602
    -5.43371
    -5.46835
    -5.51935
    -5.48161
     -5.4391
    -5.50591
    -5.54787
    -5.57063
    -5.67833
    -5.58398
    -5.65519
    -5.58259
    -5.62012
    -5.61903
    -5.60941
    -5.63143
    -5.54565
    -5.54481
    -5.53092
    -5.49254
    -5.58716
    -5.68923
    -5.66288
    -5.63961
    -5.54335
    -5.50693
     -5.5562
    -5.63382
    -5.68093
    -5.61272
    -5.57313
    -5.51842
     -5.4594
    -5.45319
     -5.5309
    -5.59185
    -5.53762
    -5.57144
    -5.58807
    -5.56982
    -5.56795
    -5.60825
    -5.64413
    -5.57987
    -5.58024
    -5.61926
     -5.5218
     -5.5513
    -5.43029
    -5.52483
    -5.59571
    -5.58514
    -5.68522
     -5.6181
    -5.56874
      -5.561
    -5.48572
    -5.54569
    -5.61639
    -5.59119
    -5.57233
    -5.47259
    -5.53216
    -5.49936
    -5.46422
    -5.44963
    -5.45335
    -5.46601
    -5.36556
    -5.41876
    -5.22935
    -5.25246
    -5.33554
    -5.34383
    -5.31599
    -5.37126
    -5.39412
    -5.48022
    -5.46915
    -5.48766
     -5.5846
    -5.60252
    -5.62489
    -5.52779
    -5.50455
    -5.58708
    -5.61836
    -5.54084
     -5.5956
    -5.54309
    -5.49775
      -5.604
    -5.50202
    -5.54641
    -5.59438
    -5.52222
    -5.50957
    -5.50789
    -5.49873
    -5.47954
    -5.53681
    -5.65403
    -5.63478
    -5.55472
    -5.53627
    -5.55532
    -5.66497
     -5.5594
    -5.51499
    -5.51118
    -5.52073
    -5.60733
     -5.6521
    -5.65007
    -5.55856
    -5.56399
    -5.60939
    -5.56399
    -5.61434
    -5.61859
    -5.65207
    -5.59882
    -5.56395
    -5.65007
    -5.54971
    -5.47217
    -5.48613
    -5.32464
    -5.43249
    -5.43347
     -5.4251
    -5.39433
    -5.40903
     -5.3671
    -5.35425
    -5.29802
    -5.33648
    -5.37174
    -5.51662
    -5.54377
    -5.42923
    -5.49908
    -5.50656
    -5.54118
     -5.4961
    -5.47329
    -5.56142
    -5.53346
    -5.47176
    -5.48203
    -5.46431
    -5.45602
    -5.42672
    -5.39658
    -5.44379
    -5.40871
    -5.44036
    -5.45676
    -5.41627
    -5.38882
    -5.43663
     -5.2173
    -5.38804
    -5.32906
    -5.29167
    -5.29221
    -5.29537
    -5.19758
    -5.36533
    -5.49399
    -5.48244
    -5.53057
    -5.45814
    -5.47232
    -5.42468
    -5.48088
    -5.45337
     -5.4831
    -5.49593
    -5.31452
    -5.50374
    -5.49211
    -5.53726
    -5.44266
    -5.52756
    -5.50267
    -5.40786
    -5.50305
    -5.47017
    -5.46206
    -5.47357
    -5.47691
    -5.58157
    -5.56279
    -5.56818
    -5.53611
    -5.58384
    -5.60631
    -5.57576
    -5.46018
     -5.4368
    -5.34046
    -5.44593
     -5.4216
    -5.44269
    -5.46476
    -5.31885
    -5.37811
    -5.41398
    -5.37161
    -5.35572
     -5.3344
    -5.29192
     -5.3348
    -5.40729
    -5.42238
    -5.40088
    -5.39205
    -5.44937
      -5.413
    -5.39036
    -5.44069
    -5.32515
    -5.37851
    -5.47583
    -5.38974
    -5.36569
    -5.31463
    -5.29457
    -5.30698
    -5.38167
    -5.37899
    -5.48584
    -5.57991
    -5.50417
    -5.47532
    -5.38955
     -5.4185
    -5.42951
    -5.41731
    -5.46923
    -5.55537
    -5.51307
    -5.50366
    -5.49238
    -5.52098
    -5.54727
      -5.586
    -5.50914
    -5.49438
    -5.49781
    -5.37202
    -5.44124
    -5.41813
    -5.43877
    -5.48876
    -5.44643
    -5.43105
    -5.34054
    -5.42997
    -5.44288
     -5.4478
    -5.43041
    -5.44502
    -5.42248
    -5.48059
    -5.46536
    -5.50576
    -5.47731
    -5.51633
    -5.44805
    -5.44556
    -5.41812
    -5.43333
    -5.33084
    -5.33943
    -5.40513
    -5.35403
    -5.41132
    -5.45603
    -5.44646
     -5.4518
    -5.46455
    -5.37798
    -5.36852
    -5.31572
    -5.42107
     -5.4506
    -5.39022
    -5.34347
    -5.34078
     -5.2991
    -5.40798
    -5.29442
    -5.34625
    -5.30605
    -5.26293
     -5.2553
    -5.31814
    -5.33283
    -5.28645
    -5.30587
    -5.29077
     -5.3419
    -5.41631
    -5.36651
    -5.35411
    -5.38571
    -5.40833
    -5.46451
    -5.37463
    -5.37561
    -5.41692
    -5.35374
    -5.34967
     -5.3739
    -5.37101
    -5.38322
    -5.48713
    -5.37639
    -5.32731
    -5.32797
    -5.36926
    -5.42679
    -5.50596
    -5.52578
    -5.53361
    -5.54165
    -5.45779
    -5.49962
    -5.65823
    -5.54652
     -5.5528
    -5.52595
    -5.48439
    -5.55276
    -5.50644
    -5.54639
     -5.4817
    -5.45379
    -5.38738
    -5.43394
    -5.58829
    -5.55046
    -5.55916
    -5.57716
    -5.59008
    -5.53712
    -5.58341
    -5.57041
     -5.5167
    -5.49348
    -5.48696
    -5.56512
    -5.56115
    -5.50538
    -5.43522
    -5.46603
    -5.47104
     -5.5208
    -5.52757
    -5.48339
    -5.45118
    -5.51966
    -5.47521
    -5.40452
    -5.54976
     -5.5368
    -5.47799
     -5.4294
    -5.50951
    -5.50984
    -5.52488
    -5.50175
    -5.46498
    -5.50174
    -5.58673
    -5.61458
    -5.66086
    -5.66189
    -5.60465
    -5.64535
    -5.59821
    -5.50384
    -5.55402
    -5.58919
    -5.59306
    -5.64143
    -5.58067
    -5.62008
    -5.55001
    -5.53046
    -5.58816
    -5.47995
    -5.51681
    -5.57855
    -5.59409
    -5.66731
     -5.5986
    -5.55934
    -5.57758
    -5.47093
    -5.41586
    -5.40964
    -5.47007
    -5.44431
    -5.39592
    -5.40574
    -5.41122
    -5.40459
    -5.48779
    -5.50122
    -5.41778
     -5.3445
    -5.49278
    -5.42664
    -5.43318
    -5.47115
    -5.46362
    -5.53333
    -5.54285
    -5.55614
     -5.5505
    -5.53722
    -5.50111
    -5.52026
    -5.54568
    -5.39764
    -5.42336
    -5.49948
    -5.41416
    -5.42979
    -5.49978
    -5.47068
    -5.49889
    -5.45846
    -5.44084
     -5.4586
    -5.39993
     -5.3879
    -5.42769
    -5.37357
    -5.33516
    -5.40948
    -5.28974
    -5.31077
    -5.32612
    -5.30734
    -5.38033
    -5.47673
    -5.42967
    -5.46507
    -5.53051
    -5.46297
    -5.39571
     -5.4551
    -5.41585
    -5.47774
    -5.46306
    -5.40735
    -5.40046
    -5.36431
     -5.4331
    -5.43809
    -5.41457
    -5.49962
    -5.52523
    -5.53249
    -5.45919
    -5.54992
    -5.47029
     -5.5758
     -5.5115
    -5.44813
    -5.45018
    -5.49659
    -5.57246
     -5.5986
    -5.58026
    -5.45208
    -5.51984
    -5.50449
    -5.56417
     -5.4849
       -5.47
    -5.52808
    -5.43027
    -5.50784
    -5.62953
    -5.48933
    -5.51238
    -5.42699
    -5.32273
    -5.34572
     -5.3298
    -5.29404
    -5.27952
    -5.35289
    -5.43855
    -5.42315
    -5.40174
    -5.28471
    -5.35444
    -5.43002
     -5.4215
    -5.40532
    -5.40159
    -5.38702
    -5.39076
    -5.30824
    -5.28267
    -5.43117
    -5.29403
    -5.21865
    -5.40371
     -5.3541
    -5.40122
    -5.48059
    -5.45061
    -5.42626
    -5.40025
    -5.42722
    -5.47258
    -5.42587
    -5.49974
    -5.45695
     -5.5017
    -5.37958
    -5.42765
    -5.31166
     -5.4419
    -5.37744
    -5.41464
    -5.39517
    -5.38349
    -5.40667
    -5.46119
    -5.45333
    -5.45709
    -5.48136
    -5.48541
    -5.50357
    -5.54206
    -5.59531
    -5.53703
     -5.6159
    -5.58793
    -5.53749
    -5.51076
    -5.52849
    -5.43531
    -5.46606
    -5.47671
    -5.42782
    -5.35493
    -5.43473
    -5.43233
    -5.35674
    -5.33258
    -5.40145
    -5.37713
    -5.43943
    -5.45877
    -5.52474
      -5.527
    -5.49298
    -5.52419
    -5.54595
    -5.51505
    -5.45959
    -5.41163
    -5.32759
    -5.34383
    -5.30923
    -5.32581
    -5.36207
    -5.28563
    -5.32033
     -5.3545
    -5.40621
    -5.33482
    -5.43779
    -5.39368
    -5.33094
    -5.38456
    -5.40768
    -5.38105
    -5.35813
    -5.42387
    -5.42587
    -5.47148
    -5.50826
    -5.45305
    -5.37844
    -5.30617
    -5.35561
    -5.26827
    -5.26103
    -5.20454
    -5.32654
    -5.37688
    -5.26705
    -5.34113
    -5.48616
    -5.54005
    -5.51919
    -5.46205
    -5.35595
    -5.45479
      -5.348
    -5.37711
    -5.36884
    -5.36981
    -5.37794
    -5.48678
    -5.42217
     -5.4612
    -5.36754
    -5.46401
    -5.38933
    -5.42865
    -5.32392
      -5.318
    -5.37987
    -5.45541
    -5.41033
    -5.42223
    -5.40357
    -5.43227
    -5.42227
    -5.35219
    -5.42619
    -5.43283
    -5.39896
    -5.40461
    -5.25668
    -5.18744
    -5.21252
    -5.21528
    -5.25019
    -5.35958
    -5.39138
    -5.37531
    -5.38882
    -5.29871
    -5.30023
    -5.32711
    -5.25107
    -5.24923
    -5.28229
    -5.31291
    -5.39086
    -5.39179
    -5.44723
    -5.37054
    -5.37393
    -5.29041
    -5.36082
    -5.36628
    -5.40861
    -5.37556
    -5.37715
    -5.34987
    -5.34155
    -5.35822
    -5.32203
     -5.4312
    -5.48057
    -5.48741
    -5.54486
    -5.47371
      -5.516
    -5.49317
    -5.41322
    -5.52816
    -5.46368
     -5.4683
     -5.5179
    -5.51467
    -5.51635
     -5.4387
    -5.40886
    -5.43048
    -5.50696
    -5.54627
      -5.603
    -5.54632
    -5.49026
    -5.46934
    -5.37978
    -5.35574
    -5.55234
    -5.56641
    -5.51407
    -5.50549
    -5.33359
    -5.40421
     -5.4105
    -5.38362
     -5.4084
    -5.37305
     -5.4036
    -5.42979
    -5.40754
    -5.50329
    -5.52629
    -5.51838
    -5.49618
    -5.49152
    -5.51425
    -5.58103
    -5.50888
    -5.47033
    -5.36485
    -5.38141
    -5.45857
    -5.38072
    -5.37458
    -5.39325
    -5.40236
    -5.44465
    -5.39965
    -5.53153
    -5.50523
    -5.40181
    -5.33665
    -5.32546
    -5.34473
    -5.30739
    -5.26417
    -5.24732
    -5.28752
     -5.3194
    -5.38059
    -5.48504
    -5.41764
    -5.43897
    -5.51488
    -5.46116
     -5.4714
    -5.49405
    -5.41733
    -5.45683
    -5.45601
    -5.46055
    -5.46656
    -5.43468
    -5.37578
    -5.37793
    -5.36587
    -5.42242
     -5.4312
     -5.3991
     -5.4613
    -5.46566
     -5.4113
    -5.31308
    -5.32196
    -5.33627
    -5.31087
    -5.36421
    -5.37008
    -5.37939
    -5.38422
    -5.41668
    -5.42312
    -5.52257
    -5.50899
    -5.45106
    -5.51347
    -5.47576
    -5.44558
    -5.38913
    -5.37784
    -5.41216
    -5.39039
    -5.41439
    -5.33903
    -5.32678
    -5.35865
     -5.3269
    -5.25671
    -5.40766
    -5.39877
    -5.38922
    -5.28634
    -5.28002
    -5.27904
    -5.22905
    -5.31032
    -5.30902
    -5.43296
    -5.54302
    -5.52458
    -5.52639
    -5.64384
    -5.56507
    -5.54605
     -5.4896
    -5.45066
    -5.43178
    -5.46211
    -5.42948
    -5.47347
    -5.46754
    -5.46269
    -5.65288
    -5.62019
    -5.60635
    -5.56674
    -5.45718
     -5.4569
    -5.50597
    -5.50608
    -5.48513
    -5.52004
    -5.44413
    -5.46988
    -5.36747
     -5.4921
    -5.52722
    -5.53811
    -5.51584
    -5.40957
     -5.4201
    -5.40849
    -5.45587
    -5.52059
    -5.46102
    -5.50489
    -5.48937
    -5.42127
    -5.41643
    -5.50093
    -5.40444
    -5.39859
    -5.41486
    -5.46574
    -5.34024
    -5.33198
