    -8.46946
    -8.33381
    -8.20248
    -8.14753
    -8.08684
    -7.95042
    -7.89346
    -7.83788
    -7.83792
    -7.80296
    -7.82663
    -7.83347
    -7.75303
    -7.69717
    -7.65142
    -7.69218
    -7.64741
    -7.56291
    -7.56083
    -7.55607
    -7.56284
    -7.53792
    -7.58635
    -7.62932
    -7.61333
    -7.46966
    -7.56357
    -7.54347
    -7.52114
    -7.48878
    -7.53088
     -7.5602
    -7.54634
    -7.59254
    -7.62536
    -7.60046
    -7.44537
    -7.42313
    -7.40645
    -7.33583
    -7.26151
    -7.29014
    -7.41976
    -7.34913
    -7.31044
    -7.24484
    -7.34815
    -7.48997
    -7.53603
    -7.56209
    -7.57033
    -7.53569
    -7.56673
    -7.58775
    -7.53746
    -7.49044
    -7.46955
    -7.52934
      -7.563
    -7.51446
    -7.51711
    -7.48776
    -7.47566
      -7.496
    -7.51307
    -7.47785
    -7.48947
    -7.46248
    -7.45818
     -7.4732
    -7.38093
    -7.33502
    -7.40561
     -7.4103
    -7.33893
    -7.33758
    -7.36207
    -7.40131
    -7.37328
    -7.34804
    -7.37177
    -7.36395
    -7.41729
    -7.45867
    -7.45298
    -7.58499
    -7.59857
    -7.60585
    -7.51829
    -7.53544
    -7.50382
    -7.48123
     -7.5346
    -7.48486
    -7.44591
    -7.43629
    -7.49647
     -7.4533
     -7.4536
    -7.44419
    -7.37555
    -7.40456
    -7.43023
    -7.46775
    -7.50157
    -7.51164
    -7.55105
    -7.46793
    -7.44569
    -7.49548
    -7.56094
    -7.57154
    -7.58092
     -7.5894
    -7.55423
     -7.6002
    -7.56143
    -7.56091
    -7.55702
    -7.52342
    -7.55675
    -7.49916
    -7.60538
    -7.63204
    -7.55528
    -7.59188
    -7.61342
    -7.59694
     -7.5232
    -7.53349
    -7.49706
    -7.53453
    -7.50952
    -7.49624
    -7.39519
    -7.51995
    -7.53864
    -7.60489
    -7.53709
    -7.55141
    -7.54416
    -7.57048
    -7.55557
    -7.51969
    -7.50485
    -7.53242
    -7.49892
    -7.57001
    -7.50065
    -7.47262
    -7.39528
    -7.38673
    -7.34716
     -7.4196
    -7.42487
    -7.48167
    -7.49326
    -7.55148
    -7.52069
    -7.48597
    -7.50329
    -7.45816
    -7.48162
    -7.49857
     -7.5387
    -7.55243
    -7.52674
    -7.54006
    -7.58439
    -7.57527
    -7.53376
    -7.52189
    -7.46732
    -7.33792
    -7.42978
    -7.49888
    -7.58287
    -7.54364
    -7.58466
    -7.58978
    -7.59581
    -7.50576
    -7.49541
    -7.51876
    -7.48093
    -7.45717
     -7.4757
    -7.40477
    -7.49828
     -7.5304
    -7.42674
    -7.59638
    -7.57595
    -7.49262
    -7.48819
    -7.48456
    -7.47551
    -7.48952
    -7.58999
    -7.59129
    -7.60835
     -7.5764
    -7.46041
    -7.49706
    -7.47369
    -7.50242
    -7.51099
    -7.51889
     -7.4877
    -7.41731
    -7.43178
    -7.51996
    -7.56569
    -7.58366
    -7.65821
    -7.65642
     -7.6292
    -7.61941
    -7.65868
    -7.54394
    -7.58764
    -7.57544
    -7.64452
    -7.50151
    -7.45753
    -7.47468
      -7.443
    -7.35137
    -7.41299
    -7.52613
    -7.58829
    -7.57204
     -7.6069
    -7.60135
    -7.56161
    -7.61046
    -7.60949
    -7.59042
    -7.50455
    -7.50617
    -7.54182
    -7.51676
    -7.57236
    -7.53456
    -7.55052
    -7.52582
    -7.52925
    -7.47593
    -7.43514
    -7.39351
    -7.28493
    -7.31776
    -7.37665
    -7.39934
    -7.36471
    -7.33896
    -7.39418
    -7.34711
    -7.48224
    -7.51485
    -7.54527
    -7.57818
    -7.53465
    -7.55191
    -7.55921
    -7.53519
    -7.56102
    -7.52014
    -7.54401
    -7.54284
    -7.57539
    -7.54162
    -7.52823
    -7.55595
    -7.65602
    -7.56175
    -7.49023
    -7.53287
    -7.60741
    -7.61167
    -7.58227
    -7.63234
     -7.5117
    -7.54192
    -7.51874
    -7.55174
    -7.56057
     -7.5256
    -7.50017
    -7.45187
     -7.4807
    -7.42853
     -7.4207
    -7.47452
     -7.5238
    -7.55599
    -7.57309
    -7.56948
    -7.55632
    -7.56779
    -7.50106
    -7.45381
    -7.37819
     -7.4607
    -7.42302
    -7.46882
     -7.4771
    -7.45971
    -7.47996
    -7.40083
    -7.40618
    -7.50435
    -7.53149
    -7.45995
    -7.47341
    -7.43347
    -7.38632
    -7.44947
    -7.45633
    -7.43229
    -7.43133
    -7.39802
    -7.46384
    -7.52287
    -7.59502
    -7.51097
    -7.53751
    -7.55138
     -7.5494
    -7.56478
    -7.61386
    -7.65236
    -7.70886
    -7.64518
    -7.68808
    -7.68202
    -7.69586
    -7.68196
    -7.60986
    -7.56705
    -7.61186
    -7.56022
    -7.56894
    -7.59857
    -7.60821
    -7.63568
    -7.68912
     -7.6237
    -7.57285
    -7.57569
    -7.52854
    -7.50965
    -7.52675
    -7.53128
    -7.51625
    -7.59467
    -7.57543
     -7.5697
    -7.54125
    -7.57054
    -7.60617
    -7.55106
    -7.49117
    -7.53629
    -7.51624
    -7.58451
    -7.58246
    -7.69565
    -7.70129
    -7.66254
    -7.58051
    -7.53172
    -7.62807
    -7.54266
    -7.52824
    -7.60148
    -7.60085
    -7.56387
    -7.59033
    -7.61392
    -7.50608
    -7.63774
    -7.61855
    -7.54264
    -7.66319
    -7.62648
    -7.70544
    -7.64364
    -7.59828
      -7.555
    -7.53306
    -7.67408
     -7.6823
     -7.7077
     -7.6391
    -7.62791
    -7.61889
    -7.64308
    -7.65087
    -7.64478
     -7.7033
    -7.72374
    -7.64649
    -7.62089
    -7.57675
    -7.56782
    -7.55054
    -7.58077
    -7.58001
     -7.5601
    -7.53004
    -7.56494
     -7.5632
      -7.612
    -7.60003
    -7.63148
    -7.62773
    -7.67625
    -7.66479
    -7.64001
    -7.62757
    -7.64005
    -7.64753
    -7.57293
    -7.50022
    -7.58783
    -7.58321
    -7.58441
    -7.62894
    -7.63577
    -7.63771
    -7.60853
    -7.55241
    -7.47518
    -7.40944
    -7.42527
    -7.45056
    -7.40846
    -7.45543
    -7.46279
    -7.43757
    -7.30799
    -7.34306
    -7.42941
    -7.46047
    -7.44163
    -7.52226
    -7.51198
    -7.52285
    -7.52316
    -7.54666
    -7.52133
    -7.53194
     -7.6074
    -7.57076
     -7.5307
    -7.50099
      -7.531
    -7.52492
    -7.52988
    -7.52609
    -7.57299
    -7.53276
    -7.55995
    -7.53065
     -7.5036
    -7.49137
    -7.57614
    -7.65752
    -7.63623
    -7.57858
    -7.61566
    -7.63174
    -7.64372
    -7.47291
    -7.43944
    -7.54625
    -7.53457
    -7.56785
    -7.58787
    -7.49373
    -7.54644
    -7.66484
    -7.62277
     -7.6993
    -7.71895
    -7.74577
    -7.77692
     -7.6981
    -7.78221
     -7.7005
    -7.70504
    -7.68467
    -7.64528
    -7.70675
     -7.7005
    -7.72804
    -7.74217
    -7.72026
    -7.70415
     -7.6008
    -7.58919
    -7.59772
    -7.57651
    -7.58312
    -7.57846
    -7.61028
     -7.5953
    -7.53077
    -7.54334
    -7.59047
    -7.55624
    -7.55507
    -7.57598
    -7.57035
    -7.51266
    -7.61504
    -7.61485
    -7.61422
    -7.55403
    -7.59293
     -7.5887
    -7.55851
    -7.49422
    -7.49976
    -7.45962
    -7.42313
     -7.4103
    -7.39923
    -7.35745
    -7.42357
    -7.51566
     -7.4888
    -7.55314
    -7.64495
    -7.57543
    -7.48235
      -7.535
    -7.52928
    -7.46593
    -7.49384
     -7.4479
    -7.48751
     -7.3902
    -7.46958
    -7.42996
    -7.52725
    -7.56639
    -7.53378
    -7.55026
     -7.5559
    -7.57331
    -7.51513
     -7.4906
    -7.46841
    -7.49868
    -7.46933
    -7.45136
    -7.40558
    -7.45763
    -7.38771
    -7.48451
    -7.46989
    -7.43497
    -7.49491
    -7.60034
    -7.57411
    -7.47473
    -7.44563
    -7.40431
    -7.51348
    -7.54644
    -7.55611
    -7.49831
     -7.5287
    -7.60079
    -7.63475
    -7.57151
    -7.55087
    -7.56252
    -7.60829
    -7.59726
    -7.68635
    -7.65759
     -7.5958
    -7.58847
    -7.71967
    -7.67768
    -7.67915
    -7.67483
    -7.57698
    -7.60966
    -7.64019
    -7.69499
    -7.67272
    -7.60722
    -7.62162
    -7.63993
    -7.61693
    -7.72702
    -7.60981
    -7.61567
    -7.61999
    -7.60877
    -7.56925
    -7.48813
    -7.43969
    -7.49882
    -7.50898
    -7.55612
     -7.6202
    -7.67472
     -7.6575
    -7.58635
    -7.60184
     -7.5533
    -7.58323
    -7.58647
    -7.62329
    -7.61578
    -7.64718
    -7.66369
    -7.61677
     -7.6277
    -7.60386
    -7.56031
    -7.55957
     -7.5476
    -7.55372
    -7.59888
    -7.54587
    -7.50374
    -7.53151
    -7.50245
    -7.53676
    -7.48163
    -7.46458
     -7.3926
    -7.44698
    -7.40082
    -7.47349
    -7.48314
    -7.50752
    -7.41699
    -7.52977
    -7.51487
    -7.62744
    -7.65972
    -7.58816
     -7.5341
    -7.45125
    -7.46724
    -7.43851
    -7.42436
     -7.4761
     -7.4665
    -7.45319
    -7.42712
    -7.41288
    -7.39515
     -7.3459
    -7.39439
    -7.45461
    -7.53216
    -7.56376
    -7.60344
    -7.58083
      -7.461
    -7.48877
    -7.66143
    -7.70114
      -7.716
    -7.65362
    -7.63405
    -7.61083
    -7.63767
    -7.58715
    -7.62181
    -7.66316
    -7.66587
    -7.73515
    -7.65095
    -7.71519
    -7.74357
    -7.73797
    -7.74788
    -7.70906
    -7.68714
    -7.67798
    -7.56572
    -7.55351
    -7.60383
    -7.71011
     -7.6587
    -7.65737
    -7.64699
    -7.66576
    -7.63852
     -7.6288
    -7.56645
    -7.58488
    -7.57743
      -7.563
    -7.56777
    -7.58357
    -7.62588
    -7.60538
    -7.60751
    -7.57663
     -7.6183
    -7.63412
    -7.65576
    -7.61512
    -7.55942
    -7.53042
    -7.46743
    -7.46934
    -7.47222
    -7.48219
    -7.39324
    -7.36292
    -7.43271
    -7.45323
    -7.55323
    -7.61148
    -7.62873
    -7.58553
    -7.56951
    -7.65282
    -7.59515
    -7.58798
    -7.55274
     -7.4954
    -7.42493
    -7.42249
    -7.42688
    -7.46375
    -7.39203
    -7.38092
    -7.39756
     -7.4745
     -7.4026
    -7.49404
    -7.61335
    -7.52304
    -7.56201
    -7.55869
    -7.50328
    -7.58345
    -7.59751
     -7.6245
    -7.61109
    -7.56942
    -7.51543
    -7.59231
    -7.63703
     -7.5984
    -7.64309
    -7.61366
    -7.61532
    -7.61963
    -7.65703
     -7.6771
    -7.61535
    -7.53681
    -7.65252
    -7.67282
    -7.65766
    -7.62844
    -7.55129
    -7.55489
    -7.64873
    -7.74345
    -7.81525
    -7.71544
    -7.72655
    -7.74697
    -7.74582
    -7.73117
     -7.7304
    -7.70414
    -7.65668
    -7.67583
     -7.6526
    -7.61541
      -7.556
    -7.43179
    -7.42594
    -7.40053
     -7.4435
    -7.45197
    -7.31401
    -7.34442
    -7.36304
    -7.46118
    -7.46411
    -7.46714
     -7.4916
    -7.42899
    -7.50191
     -7.4739
    -7.53961
    -7.57605
    -7.51082
     -7.5835
     -7.6214
    -7.69089
    -7.59928
    -7.55431
     -7.5582
    -7.58884
    -7.55721
    -7.65467
    -7.67053
     -7.6283
    -7.57943
    -7.60395
    -7.65655
    -7.65112
     -7.6782
    -7.65979
    -7.59708
    -7.64226
    -7.61321
    -7.64001
    -7.66866
    -7.59754
    -7.45828
     -7.4945
    -7.51711
     -7.5654
     -7.6337
    -7.59296
    -7.55522
    -7.53999
    -7.55449
    -7.56463
    -7.48678
    -7.58154
    -7.46219
     -7.4156
    -7.36053
    -7.49027
    -7.54969
    -7.65835
    -7.63381
    -7.52539
    -7.46508
    -7.52557
    -7.52696
    -7.55631
    -7.58286
    -7.56544
    -7.51461
    -7.54363
    -7.54725
    -7.55181
     -7.5461
    -7.57643
    -7.65236
    -7.70895
    -7.60674
     -7.5697
    -7.55759
    -7.61913
    -7.65858
    -7.67557
    -7.65424
    -7.66613
    -7.68841
    -7.65294
      -7.603
    -7.63966
    -7.67011
    -7.67941
    -7.61907
    -7.61501
    -7.56496
    -7.51205
    -7.52913
    -7.51185
    -7.52064
    -7.57139
    -7.63918
    -7.67318
    -7.61378
    -7.69194
    -7.68284
    -7.58167
    -7.57176
    -7.57879
    -7.47106
    -7.44957
     -7.5729
    -7.53249
    -7.59457
     -7.5907
    -7.53548
    -7.66637
    -7.72128
    -7.62884
     -7.6469
    -7.63562
    -7.63376
    -7.63588
    -7.69763
    -7.65243
    -7.63603
    -7.70535
    -7.65812
    -7.68485
    -7.66315
    -7.57918
    -7.60224
    -7.59264
    -7.61265
    -7.64012
    -7.70921
    -7.67934
    -7.63348
    -7.68059
     -7.6301
     -7.6348
    -7.63252
    -7.58461
    -7.63966
    -7.57753
    -7.57313
    -7.52441
    -7.53518
     -7.4962
    -7.44535
    -7.57927
    -7.61251
    -7.55091
    -7.48911
    -7.52403
    -7.48919
    -7.54604
    -7.55855
    -7.52763
    -7.49273
    -7.55858
    -7.56851
    -7.58871
    -7.54147
    -7.48511
    -7.48731
    -7.51738
     -7.5292
    -7.54617
    -7.54703
    -7.59034
    -7.53183
    -7.56479
    -7.59285
    -7.50891
    -7.53277
    -7.51351
    -7.43074
    -7.41813
    -7.50236
    -7.49754
    -7.48472
    -7.49877
     -7.4456
    -7.46397
    -7.46116
    -7.51367
    -7.48922
    -7.48436
    -7.50378
    -7.44505
    -7.40909
    -7.41536
    -7.41371
    -7.37102
    -7.30064
    -7.38281
    -7.44878
    -7.38009
    -7.36178
    -7.40264
    -7.42295
    -7.38108
    -7.42418
    -7.45886
    -7.49704
     -7.5916
    -7.55407
    -7.51547
    -7.44262
    -7.43859
    -7.48154
     -7.5705
    -7.46813
    -7.51927
    -7.59967
    -7.55911
    -7.49814
    -7.50246
    -7.53531
    -7.51827
    -7.55777
     -7.5946
     -7.6146
    -7.53696
    -7.55686
    -7.63209
    -7.63735
    -7.67993
     -7.7576
    -7.72823
    -7.71131
     -7.6293
    -7.60269
    -7.62634
    -7.66674
    -7.54025
    -7.48581
    -7.45115
     -7.4763
    -7.44132
    -7.43748
    -7.40536
    -7.42036
    -7.43285
    -7.45281
    -7.45323
    -7.49554
    -7.51668
    -7.55227
    -7.55282
    -7.57818
    -7.60537
    -7.60074
    -7.61016
    -7.62971
     -7.6445
    -7.76029
    -7.80398
    -7.67282
    -7.73029
    -7.64253
    -7.60618
    -7.59828
    -7.59057
    -7.56105
    -7.57036
    -7.55352
     -7.5624
    -7.53657
    -7.61113
    -7.54931
    -7.57413
    -7.62763
    -7.60061
    -7.61822
    -7.56022
    -7.58117
    -7.53529
    -7.45402
    -7.48529
     -7.4362
    -7.45827
    -7.49247
    -7.55544
    -7.56508
     -7.5147
    -7.48862
    -7.41318
     -7.5062
    -7.57171
    -7.62365
    -7.58227
    -7.57585
    -7.58351
    -7.59851
    -7.67057
    -7.62996
    -7.53068
    -7.56289
    -7.58561
    -7.54608
    -7.63026
    -7.64072
    -7.52881
    -7.47103
    -7.51829
    -7.52012
     -7.5073
    -7.47259
    -7.51922
    -7.52628
    -7.51204
    -7.43321
    -7.43184
    -7.39079
    -7.38393
    -7.43053
    -7.51168
    -7.56891
    -7.44552
    -7.38083
    -7.40778
    -7.47966
    -7.46458
    -7.53814
    -7.44306
    -7.48362
    -7.48944
     -7.4025
    -7.47725
    -7.57286
     -7.4962
    -7.52151
    -7.53971
    -7.51173
    -7.54134
    -7.51201
    -7.54502
    -7.50348
    -7.54967
    -7.57828
    -7.44708
    -7.48803
    -7.59326
    -7.64202
     -7.5705
    -7.56631
    -7.58041
    -7.58533
    -7.56403
    -7.58767
    -7.61167
    -7.56865
     -7.5884
    -7.55586
    -7.59528
     -7.5487
    -7.40912
     -7.4804
    -7.48162
    -7.43737
    -7.54675
     -7.5726
    -7.46919
    -7.45005
    -7.44069
    -7.47179
    -7.52799
    -7.55444
    -7.59107
     -7.5722
    -7.55125
    -7.48131
    -7.49318
      -7.473
    -7.50176
    -7.53414
    -7.57964
    -7.56178
    -7.59973
    -7.59314
    -7.64263
    -7.54938
    -7.51265
    -7.53986
    -7.45697
    -7.52214
    -7.55118
     -7.5392
    -7.50128
    -7.46967
    -7.43784
    -7.56086
    -7.56707
    -7.56816
    -7.59375
     -7.6268
    -7.55492
     -7.6513
    -7.66527
    -7.74976
    -7.70732
     -7.7053
    -7.55412
    -7.52057
    -7.50734
    -7.53956
     -7.5797
    -7.56402
    -7.57194
    -7.56416
    -7.50508
    -7.54469
    -7.56866
    -7.57575
    -7.58512
    -7.64539
    -7.71031
    -7.67312
    -7.65791
      -7.596
    -7.55735
    -7.57966
    -7.57693
     -7.5349
    -7.55834
     -7.5553
    -7.60118
    -7.62354
    -7.60406
    -7.64355
    -7.64014
    -7.68747
    -7.65725
    -7.56213
    -7.52649
    -7.54377
    -7.58544
    -7.67021
    -7.63085
    -7.64674
    -7.57183
    -7.51173
    -7.54804
    -7.59805
    -7.64783
    -7.68056
    -7.65312
    -7.69268
    -7.63312
    -7.67264
    -7.64993
    -7.64066
    -7.63509
     -7.6026
    -7.59885
    -7.55298
    -7.54308
    -7.54412
    -7.53655
    -7.51734
     -7.5388
    -7.44438
    -7.46835
     -7.5312
    -7.53947
    -7.57178
    -7.50281
    -7.40664
    -7.43506
    -7.48219
    -7.46108
    -7.42709
    -7.49261
    -7.46294
    -7.44232
    -7.48962
    -7.45909
    -7.47284
    -7.44312
    -7.47007
    -7.47316
    -7.47867
    -7.55803
    -7.62199
    -7.66597
    -7.63765
    -7.69672
    -7.62718
    -7.62611
    -7.57194
    -7.57641
    -7.51471
    -7.57223
    -7.54284
    -7.54674
    -7.54222
    -7.56358
    -7.61818
    -7.62172
     -7.6991
    -7.67729
    -7.74454
    -7.74191
     -7.7092
    -7.67924
    -7.75482
    -7.73601
    -7.71964
    -7.72347
    -7.64148
    -7.59081
    -7.62327
    -7.67555
    -7.69362
    -7.64842
    -7.68643
    -7.70968
    -7.68555
    -7.68488
    -7.57504
    -7.61272
    -7.63159
    -7.60705
    -7.62276
    -7.62377
    -7.59628
     -7.6362
    -7.60162
    -7.57378
    -7.56887
    -7.55197
    -7.53467
    -7.50008
    -7.48668
    -7.58268
    -7.50588
    -7.51018
    -7.66846
    -7.59353
    -7.55098
     -7.5113
    -7.50291
    -7.53366
    -7.52573
    -7.55692
    -7.62572
    -7.60954
    -7.63864
    -7.64309
      -7.635
    -7.67474
    -7.57336
    -7.57431
    -7.56534
    -7.60978
    -7.64009
    -7.60759
    -7.61813
    -7.65174
    -7.55381
    -7.60026
    -7.63113
     -7.5864
    -7.65849
    -7.66845
    -7.59658
    -7.59111
    -7.61159
    -7.53047
     -7.5208
    -7.55074
    -7.50227
    -7.54371
    -7.56228
    -7.55824
    -7.62041
    -7.62153
    -7.63694
    -7.59926
    -7.53221
    -7.44693
    -7.46498
    -7.49981
    -7.54613
    -7.52628
    -7.46946
    -7.47729
    -7.42211
    -7.44279
    -7.43798
    -7.52022
    -7.53151
    -7.43093
    -7.47509
    -7.48032
    -7.54784
    -7.56767
    -7.57805
    -7.63208
    -7.65703
    -7.65746
    -7.71242
     -7.6634
    -7.65306
    -7.62083
    -7.66064
    -7.62315
    -7.70968
    -7.61116
    -7.66938
    -7.69099
    -7.70269
    -7.68699
    -7.72453
    -7.65423
    -7.72957
    -7.73641
    -7.73758
    -7.69161
     -7.6905
    -7.63886
    -7.63111
    -7.60511
    -7.55439
    -7.59009
     -7.5688
    -7.47114
    -7.50435
    -7.47545
    -7.51119
    -7.40938
    -7.47982
    -7.45618
     -7.4673
    -7.52049
    -7.47572
    -7.48017
    -7.49704
    -7.49936
    -7.48816
    -7.49504
    -7.48479
    -7.51236
    -7.56881
    -7.55605
    -7.55484
    -7.62849
    -7.62044
    -7.62469
    -7.63557
     -7.6915
    -7.61758
    -7.63295
    -7.58132
    -7.60189
    -7.60726
    -7.55008
    -7.61254
     -7.6203
    -7.61615
    -7.59807
    -7.60243
    -7.52961
    -7.47664
    -7.48435
     -7.5382
    -7.58152
    -7.53737
    -7.63599
    -7.61694
    -7.65704
    -7.63765
    -7.57252
    -7.58042
    -7.56274
    -7.55183
    -7.56846
    -7.57799
     -7.4981
    -7.50031
    -7.46231
    -7.42875
    -7.52926
    -7.43844
    -7.47834
    -7.42829
    -7.42616
     -7.4631
    -7.43689
    -7.44921
    -7.38411
    -7.44209
    -7.48164
    -7.50389
    -7.44211
    -7.44546
    -7.40401
    -7.46096
    -7.48327
    -7.56689
    -7.56769
    -7.52472
    -7.53241
    -7.49092
    -7.39632
    -7.43111
    -7.36987
    -7.45112
    -7.41903
    -7.51136
     -7.5393
    -7.51414
    -7.59147
    -7.62307
    -7.67055
    -7.66343
     -7.6103
    -7.62014
    -7.50702
    -7.52006
    -7.51568
    -7.58466
    -7.62549
    -7.61371
    -7.59394
    -7.55436
    -7.45207
     -7.4736
    -7.50793
    -7.50917
     -7.4333
    -7.40313
    -7.45668
    -7.51476
    -7.57157
    -7.56786
    -7.56969
    -7.61481
    -7.64763
    -7.58384
    -7.62063
      -7.634
    -7.65965
    -7.62205
    -7.59299
    -7.54777
    -7.51048
    -7.47343
    -7.52882
    -7.59923
     -7.5139
     -7.5452
    -7.44933
    -7.53512
    -7.46404
    -7.39695
    -7.49076
    -7.48177
    -7.46292
    -7.50844
    -7.50953
    -7.42132
    -7.46032
    -7.47685
      -7.499
    -7.44473
    -7.50907
    -7.52505
    -7.57366
    -7.55409
     -7.4929
    -7.51871
    -7.45538
    -7.55775
    -7.63489
    -7.58627
    -7.59411
    -7.55505
    -7.55834
    -7.53845
     -7.4905
    -7.43892
    -7.56855
    -7.55609
    -7.57588
     -7.5505
    -7.57924
    -7.54793
    -7.54272
    -7.58429
    -7.64421
     -7.6319
    -7.56181
    -7.61518
    -7.62361
    -7.59265
    -7.54278
    -7.56945
    -7.56822
    -7.52449
     -7.4569
    -7.45886
    -7.52387
    -7.50027
    -7.50245
    -7.47227
    -7.47715
    -7.59544
    -7.57724
    -7.56307
    -7.52837
    -7.47285
    -7.53428
    -7.50882
     -7.5681
    -7.64855
    -7.62819
    -7.56882
    -7.56025
    -7.62387
    -7.59754
    -7.54993
    -7.60734
    -7.64868
    -7.54854
    -7.57197
    -7.63489
    -7.64101
    -7.63367
    -7.57728
    -7.52379
    -7.52939
    -7.47258
    -7.55104
    -7.53695
    -7.58427
    -7.49222
     -7.5062
    -7.56116
    -7.61668
    -7.59254
    -7.58821
    -7.58016
    -7.52598
    -7.62295
    -7.65719
    -7.59603
    -7.58688
    -7.57054
    -7.54016
    -7.41034
    -7.49912
     -7.4214
    -7.34903
    -7.37496
    -7.30481
    -7.32262
    -7.28229
    -7.38363
    -7.28992
    -7.31482
    -7.40254
    -7.37509
    -7.35663
    -7.36733
    -7.38112
     -7.3953
    -7.33586
    -7.36213
    -7.36397
    -7.31378
    -7.35543
    -7.38232
     -7.2857
    -7.34242
    -7.41146
    -7.42081
    -7.39885
     -7.4127
    -7.41404
    -7.43161
    -7.45821
    -7.45952
    -7.36598
    -7.46555
    -7.53015
    -7.49543
    -7.47285
    -7.48183
    -7.47385
    -7.46504
    -7.46316
    -7.53983
    -7.57675
    -7.64429
    -7.59333
    -7.67263
    -7.67485
    -7.64038
    -7.53623
    -7.61203
    -7.60745
    -7.54184
     -7.5718
    -7.50832
    -7.49815
     -7.4881
    -7.49177
    -7.49882
    -7.45106
     -7.5576
    -7.55186
      -7.589
    -7.49203
    -7.50397
    -7.47863
    -7.46321
     -7.4451
      -7.469
    -7.54236
    -7.53293
    -7.51266
     -7.4953
    -7.46414
    -7.48816
    -7.40327
    -7.43858
    -7.55446
    -7.57919
    -7.60274
    -7.54492
    -7.49892
     -7.5164
    -7.55868
    -7.52326
    -7.54337
    -7.50862
    -7.54127
    -7.52967
    -7.52782
    -7.52291
     -7.5504
     -7.4931
    -7.60215
    -7.63388
    -7.63474
    -7.67243
     -7.7169
    -7.66184
    -7.65346
    -7.69859
    -7.75011
    -7.71791
    -7.69778
    -7.63046
    -7.63299
    -7.63971
    -7.70249
    -7.70909
    -7.66855
    -7.64281
    -7.60516
    -7.55305
    -7.69071
    -7.59473
    -7.60746
    -7.49131
    -7.59363
    -7.67095
    -7.68062
    -7.67623
    -7.66805
    -7.62819
    -7.67724
    -7.63129
    -7.62159
    -7.65702
    -7.63409
    -7.66312
    -7.54091
    -7.54614
    -7.55435
    -7.55746
    -7.58184
    -7.57438
    -7.62027
    -7.66512
    -7.60878
    -7.58828
    -7.54979
    -7.45109
    -7.43766
    -7.46774
    -7.46904
    -7.42395
    -7.41534
    -7.38261
    -7.34891
    -7.41951
    -7.42967
    -7.48772
    -7.53581
    -7.57012
     -7.5966
    -7.61266
    -7.68538
    -7.71685
    -7.70832
    -7.63339
    -7.52097
    -7.49747
    -7.48708
    -7.46355
    -7.48444
    -7.52935
    -7.45619
    -7.46212
    -7.50287
     -7.4806
    -7.48113
    -7.47361
    -7.48196
    -7.47902
    -7.49571
    -7.48215
    -7.41206
    -7.42311
    -7.48877
      -7.515
    -7.44702
    -7.45585
     -7.4862
    -7.40392
     -7.3942
    -7.44529
    -7.54058
    -7.57343
    -7.63184
    -7.57007
    -7.46541
    -7.52676
    -7.48339
    -7.53242
    -7.58354
    -7.55956
    -7.62757
     -7.6042
    -7.65397
    -7.67507
    -7.67995
     -7.6338
    -7.67368
     -7.6552
    -7.63201
    -7.62347
    -7.58883
    -7.52989
    -7.57762
    -7.62508
    -7.65821
    -7.61264
    -7.55568
    -7.56146
     -7.5696
    -7.54635
    -7.46097
     -7.5554
    -7.54067
     -7.4931
     -7.5332
    -7.54837
     -7.5533
    -7.58643
    -7.49103
    -7.49453
    -7.48421
    -7.57652
    -7.61133
    -7.52128
    -7.53464
    -7.53901
    -7.59412
    -7.64874
    -7.59832
    -7.63533
    -7.67265
    -7.69776
    -7.60284
    -7.60359
    -7.63195
    -7.57434
    -7.47104
    -7.49458
    -7.52884
    -7.59399
    -7.57465
    -7.60135
    -7.55971
    -7.60744
    -7.60272
    -7.61839
    -7.68124
    -7.76641
    -7.73409
    -7.71248
    -7.64748
     -7.6965
    -7.70996
    -7.62558
    -7.56122
    -7.55562
    -7.53455
    -7.58542
    -7.59105
    -7.58118
    -7.57593
     -7.5595
    -7.54396
    -7.54772
    -7.57947
    -7.50509
    -7.49341
    -7.48306
    -7.50882
    -7.56116
    -7.62653
    -7.61376
    -7.61824
    -7.61166
    -7.62539
    -7.59602
    -7.57052
    -7.62209
    -7.57281
     -7.5672
    -7.54611
    -7.48431
    -7.58275
    -7.61213
    -7.48756
    -7.44425
    -7.47573
    -7.42561
    -7.44919
    -7.44695
    -7.44294
     -7.4396
     -7.4033
    -7.45409
    -7.51529
    -7.49898
     -7.5439
    -7.44212
    -7.49923
    -7.50907
    -7.52817
    -7.56739
     -7.5469
    -7.54221
    -7.52693
    -7.53985
    -7.50635
     -7.5016
     -7.5204
    -7.67145
    -7.56423
    -7.51656
    -7.44058
    -7.48548
    -7.47726
    -7.44587
    -7.42777
    -7.43077
    -7.39439
    -7.43749
    -7.45259
    -7.38396
    -7.45986
    -7.41579
    -7.39597
    -7.41448
    -7.50077
    -7.44277
    -7.43253
    -7.43423
     -7.5047
    -7.47703
    -7.53262
    -7.55195
    -7.54268
    -7.54626
     -7.4731
    -7.46015
    -7.45694
    -7.43746
    -7.46271
    -7.45688
    -7.39336
    -7.37191
    -7.42212
    -7.41211
    -7.41366
    -7.42101
    -7.48192
    -7.54346
    -7.49978
    -7.53964
    -7.47524
    -7.58169
     -7.6288
    -7.59076
    -7.62084
    -7.64345
    -7.63989
    -7.61775
     -7.5677
    -7.53366
    -7.55256
    -7.56006
     -7.5143
    -7.54036
    -7.56546
    -7.57142
    -7.58527
    -7.58193
    -7.61797
    -7.65212
    -7.61917
    -7.59066
    -7.58623
    -7.57324
    -7.45719
    -7.54207
    -7.56294
    -7.65084
    -7.61697
    -7.60335
    -7.59759
    -7.55336
    -7.57433
    -7.49076
    -7.48434
    -7.43345
    -7.45447
    -7.51173
    -7.52994
     -7.5308
     -7.5104
     -7.5732
    -7.53141
    -7.59255
    -7.70143
    -7.72413
    -7.67777
    -7.65459
     -7.6794
    -7.70993
    -7.72163
    -7.70344
    -7.56503
    -7.56151
    -7.51158
    -7.52182
    -7.54578
    -7.51778
    -7.53713
    -7.53374
    -7.55881
    -7.50209
    -7.50021
    -7.47863
    -7.50045
    -7.53602
    -7.47152
    -7.54647
    -7.55522
    -7.47439
     -7.5657
    -7.56758
    -7.58949
    -7.55461
    -7.54192
    -7.54414
    -7.56649
    -7.59188
    -7.60768
    -7.63362
    -7.58496
    -7.51241
    -7.43908
    -7.47808
    -7.52328
    -7.50911
    -7.52927
    -7.56661
    -7.52887
    -7.54699
    -7.57815
    -7.59697
    -7.54587
    -7.61356
    -7.52804
    -7.60795
    -7.54338
    -7.57172
    -7.59695
    -7.51527
    -7.49681
    -7.47872
    -7.57066
    -7.57645
    -7.53211
    -7.49168
    -7.61035
    -7.64947
    -7.57477
     -7.4904
    -7.44587
     -7.5015
    -7.50701
    -7.58555
    -7.59321
    -7.57164
    -7.58565
     -7.5789
    -7.63103
    -7.66005
    -7.53949
    -7.53046
    -7.57778
    -7.48497
    -7.43874
    -7.45955
     -7.4731
    -7.43006
    -7.40816
    -7.38605
     -7.4185
    -7.40697
    -7.48748
    -7.51468
    -7.55157
    -7.44428
    -7.43693
    -7.41809
    -7.44916
    -7.41008
    -7.36124
    -7.52527
    -7.52703
    -7.55688
    -7.53505
    -7.56169
    -7.55552
    -7.60452
    -7.59139
    -7.61897
    -7.56064
     -7.6075
    -7.53961
    -7.61547
    -7.54002
    -7.61768
    -7.66205
    -7.64613
    -7.70612
    -7.67477
     -7.6862
     -7.6625
    -7.66641
    -7.65742
    -7.62726
     -7.6363
    -7.60866
    -7.66299
    -7.63952
    -7.63272
    -7.65357
    -7.70273
    -7.61919
     -7.5715
    -7.61639
    -7.63506
    -7.61535
    -7.55647
    -7.61546
     -7.5956
    -7.61679
    -7.58372
    -7.53453
     -7.5194
    -7.47322
    -7.48155
    -7.51624
    -7.50667
    -7.54241
    -7.49741
    -7.53819
    -7.51199
    -7.58777
    -7.52923
    -7.44839
    -7.55246
    -7.59759
     -7.4716
    -7.47697
    -7.39691
    -7.41699
    -7.45282
    -7.51539
    -7.45459
    -7.50151
    -7.43971
     -7.5002
     -7.5477
    -7.60752
    -7.59151
    -7.67295
    -7.66435
    -7.63307
     -7.6997
    -7.55894
    -7.60336
    -7.69082
    -7.65254
    -7.64167
     -7.6801
    -7.68066
    -7.66311
    -7.57997
    -7.59556
    -7.62121
    -7.68264
    -7.62141
    -7.50705
    -7.46284
    -7.44703
     -7.5278
    -7.53977
    -7.56353
    -7.55219
    -7.53965
    -7.49362
    -7.55615
    -7.53905
    -7.55458
    -7.56463
    -7.59063
    -7.59724
    -7.61714
    -7.57537
    -7.57234
    -7.43825
    -7.42963
    -7.44331
    -7.46507
    -7.45709
    -7.50939
    -7.54764
    -7.59432
     -7.5504
    -7.68631
    -7.67775
    -7.65454
    -7.65345
     -7.6025
    -7.60204
    -7.57752
    -7.65087
    -7.64024
     -7.6274
    -7.61337
    -7.59828
      -7.584
    -7.53505
    -7.48692
    -7.46628
    -7.43672
    -7.49621
    -7.47474
     -7.4362
    -7.47502
    -7.42553
     -7.5159
    -7.61723
     -7.5593
    -7.51034
    -7.49146
    -7.43255
    -7.33169
    -7.45727
    -7.40108
    -7.51695
    -7.52708
    -7.62502
     -7.6277
    -7.64252
    -7.67563
    -7.69766
    -7.67433
    -7.64307
    -7.64155
    -7.59897
    -7.58007
    -7.62505
    -7.63798
    -7.66429
    -7.66144
    -7.65696
    -7.67721
    -7.67925
    -7.64118
     -7.6667
    -7.65648
    -7.64912
    -7.55358
    -7.53715
    -7.55523
    -7.56967
    -7.54619
    -7.54471
    -7.62267
    -7.62798
    -7.57297
    -7.57051
    -7.58679
     -7.5082
    -7.56401
     -7.5775
    -7.54755
    -7.62332
    -7.56348
     -7.6335
    -7.65485
    -7.67034
    -7.69641
    -7.72668
     -7.7241
    -7.67493
    -7.73905
    -7.63624
    -7.57693
    -7.59102
    -7.53794
    -7.51507
    -7.46112
    -7.47477
    -7.50992
    -7.46773
    -7.46528
    -7.46723
    -7.42373
    -7.39905
    -7.36549
    -7.39316
    -7.36665
    -7.38598
     -7.4301
    -7.45253
    -7.52224
     -7.5014
    -7.48367
    -7.50485
    -7.47872
    -7.45838
    -7.35989
    -7.44634
    -7.36813
    -7.45101
    -7.49355
    -7.51297
    -7.55398
    -7.60386
    -7.52997
    -7.56047
    -7.60242
    -7.51815
    -7.49494
    -7.58983
    -7.53099
    -7.64547
    -7.62477
     -7.6339
    -7.65524
     -7.6668
    -7.66828
    -7.59321
    -7.57411
    -7.64006
    -7.66611
    -7.63801
    -7.56367
    -7.62498
    -7.65734
    -7.68185
    -7.66989
    -7.67142
    -7.61753
    -7.62597
    -7.57238
    -7.55857
    -7.53787
     -7.5725
    -7.48498
    -7.55496
    -7.46281
    -7.43589
     -7.4374
    -7.39695
    -7.45551
    -7.48144
    -7.45499
    -7.36288
    -7.40792
    -7.41535
    -7.56635
    -7.55462
    -7.50538
    -7.49263
    -7.48774
    -7.49044
    -7.53309
    -7.50783
    -7.50301
    -7.48573
    -7.53573
    -7.57119
    -7.68964
    -7.70942
    -7.71852
    -7.76485
    -7.76692
    -7.72766
     -7.7074
    -7.65094
    -7.57431
    -7.54813
    -7.48187
    -7.50658
    -7.47135
    -7.43252
    -7.46385
    -7.51165
    -7.48849
    -7.52172
    -7.50723
    -7.43501
    -7.46579
    -7.49815
    -7.56177
     -7.5476
    -7.55641
    -7.61515
    -7.52929
    -7.54707
     -7.5792
    -7.55936
    -7.56253
    -7.55674
    -7.60098
    -7.52812
    -7.54948
     -7.5244
    -7.52081
     -7.4878
    -7.52342
    -7.58845
    -7.65721
    -7.60973
     -7.5538
    -7.54247
    -7.46519
    -7.46752
    -7.48044
    -7.46233
    -7.50449
    -7.56267
    -7.62829
    -7.64588
    -7.67292
    -7.73426
    -7.63223
    -7.59081
    -7.52374
    -7.49063
     -7.4842
    -7.43948
    -7.51532
     -7.5324
    -7.46159
    -7.42603
    -7.41254
    -7.44533
    -7.58183
    -7.55177
    -7.52901
    -7.51624
    -7.57041
    -7.51693
    -7.52723
    -7.47146
    -7.48434
    -7.50023
    -7.45989
     -7.4366
    -7.42793
    -7.40878
    -7.40383
    -7.46369
    -7.49389
    -7.56619
    -7.53579
    -7.58379
    -7.49916
    -7.48435
    -7.58763
    -7.59528
    -7.63666
    -7.58938
    -7.51539
    -7.57686
    -7.54396
    -7.58528
    -7.61151
    -7.67605
    -7.68874
    -7.63868
    -7.64237
    -7.63002
    -7.62331
    -7.60823
    -7.61662
    -7.64941
    -7.65645
    -7.66526
    -7.63983
    -7.63034
    -7.62859
    -7.64563
    -7.60004
    -7.60969
    -7.60404
    -7.64981
    -7.65644
    -7.60527
     -7.5648
    -7.53624
    -7.65001
     -7.6201
    -7.56374
    -7.62247
    -7.65905
    -7.66296
    -7.70255
    -7.68611
    -7.63371
    -7.61051
    -7.59034
    -7.62739
    -7.59411
    -7.63353
    -7.66462
    -7.64933
    -7.67697
    -7.74082
    -7.76353
     -7.7066
    -7.64718
    -7.59783
    -7.56874
    -7.63495
    -7.57772
    -7.57381
    -7.53587
    -7.55911
    -7.54808
    -7.53493
    -7.49088
    -7.48182
     -7.4267
    -7.46821
    -7.56805
    -7.55906
     -7.5799
    -7.53975
    -7.57471
    -7.58878
    -7.54655
    -7.62564
    -7.56725
    -7.55519
    -7.54068
    -7.62425
    -7.59054
    -7.57019
    -7.55498
    -7.58982
    -7.58583
    -7.54107
    -7.47351
    -7.43413
    -7.46043
    -7.44569
    -7.44631
    -7.43154
    -7.52282
    -7.50671
    -7.58243
    -7.61923
    -7.63073
     -7.6811
    -7.68495
    -7.55091
    -7.59356
    -7.61778
    -7.67234
     -7.7011
    -7.64553
    -7.72843
     -7.7065
    -7.68364
    -7.66529
     -7.6133
    -7.67588
    -7.64493
     -7.6984
    -7.63115
    -7.63351
    -7.62891
    -7.64441
    -7.58723
    -7.52791
    -7.52583
    -7.52253
    -7.53318
    -7.52797
    -7.51938
    -7.51694
    -7.54261
    -7.60641
    -7.49733
    -7.42159
    -7.45706
    -7.39553
    -7.45252
     -7.4216
    -7.44069
    -7.44234
    -7.45769
    -7.49267
    -7.47066
    -7.45459
    -7.57148
    -7.54533
    -7.54473
    -7.57464
    -7.51759
    -7.40266
    -7.40379
    -7.40476
     -7.4236
    -7.42781
    -7.43375
      -7.547
    -7.57631
    -7.51896
    -7.52419
    -7.60017
    -7.59271
     -7.6553
    -7.63246
    -7.64594
    -7.70421
    -7.65809
    -7.69677
    -7.72786
    -7.70704
    -7.63506
    -7.62628
    -7.66449
    -7.64327
    -7.63672
     -7.7269
    -7.82426
     -7.7967
    -7.83736
    -7.82027
    -7.71939
    -7.74488
    -7.73623
    -7.69049
    -7.73102
    -7.74227
    -7.78017
    -7.71417
    -7.70075
    -7.67287
     -7.6515
     -7.6632
    -7.62023
    -7.71356
    -7.66497
    -7.66249
    -7.68735
    -7.68451
       -7.64
    -7.53804
      -7.596
      -7.627
     -7.5336
     -7.5167
    -7.56018
    -7.61339
    -7.66084
    -7.61135
    -7.57156
    -7.58555
    -7.56912
    -7.55988
    -7.60013
    -7.61682
    -7.61465
     -7.5322
    -7.50056
    -7.56085
    -7.54619
    -7.55104
    -7.49023
    -7.47171
     -7.4333
    -7.42954
    -7.54465
    -7.56289
    -7.44112
    -7.47024
    -7.42833
    -7.32972
    -7.33253
    -7.33899
    -7.41046
    -7.43639
    -7.33666
    -7.44292
    -7.51078
    -7.60357
     -7.5641
    -7.56055
    -7.59695
    -7.62459
    -7.56544
    -7.58159
    -7.48598
    -7.44348
     -7.4388
    -7.59416
    -7.62612
    -7.58173
    -7.58006
    -7.51796
    -7.57172
    -7.48012
    -7.43317
    -7.43999
    -7.44778
     -7.5162
    -7.51436
    -7.54867
    -7.45819
    -7.46939
    -7.57507
    -7.65037
    -7.64851
    -7.54705
    -7.44396
    -7.45978
    -7.42478
    -7.42441
    -7.44391
    -7.51326
    -7.50786
    -7.47909
    -7.31072
     -7.3594
    -7.39989
    -7.41893
    -7.39827
    -7.45898
    -7.53118
    -7.59143
    -7.58501
    -7.56563
     -7.5475
     -7.5583
    -7.53067
    -7.55169
    -7.51788
    -7.42883
    -7.40748
     -7.4354
    -7.50321
    -7.48079
    -7.53445
    -7.50043
    -7.56465
    -7.49922
    -7.45003
    -7.50938
    -7.52413
    -7.50833
    -7.47075
     -7.4499
    -7.51592
    -7.51333
    -7.51617
    -7.58172
    -7.62462
    -7.61184
    -7.59897
    -7.63026
    -7.60603
    -7.60756
    -7.68966
    -7.59121
    -7.62556
     -7.5464
    -7.55743
    -7.56069
    -7.60985
    -7.57362
    -7.64328
    -7.65897
    -7.61803
    -7.61612
    -7.62245
    -7.66409
    -7.66108
    -7.65204
    -7.60286
    -7.60897
    -7.66063
     -7.6731
    -7.64163
    -7.62004
    -7.66535
    -7.61848
     -7.6118
     -7.6532
    -7.65836
     -7.5625
    -7.59515
    -7.58335
    -7.61865
    -7.61363
    -7.70301
    -7.73401
    -7.76699
    -7.70299
    -7.71616
    -7.74091
     -7.6915
     -7.7209
    -7.66262
    -7.65254
    -7.58829
    -7.58169
    -7.64082
    -7.66929
    -7.61199
    -7.64961
    -7.57801
    -7.58823
     -7.6726
    -7.64961
    -7.56943
    -7.53629
    -7.63509
    -7.65773
    -7.63755
    -7.62153
    -7.65087
    -7.66681
    -7.68265
    -7.70325
    -7.71671
    -7.61392
    -7.62476
    -7.67826
    -7.67089
    -7.67855
    -7.67671
    -7.73353
    -7.81616
    -7.76287
    -7.79932
    -7.66679
    -7.63998
    -7.63358
      -7.632
    -7.66872
    -7.67334
    -7.60028
    -7.59422
    -7.64206
    -7.59276
    -7.54927
    -7.61452
     -7.6359
    -7.55125
    -7.55792
    -7.53176
    -7.54684
    -7.48582
    -7.47352
    -7.46814
    -7.50904
    -7.47995
     -7.5012
    -7.47363
    -7.47633
    -7.49949
    -7.54659
    -7.48075
    -7.31932
     -7.3465
    -7.38721
    -7.51016
    -7.51568
    -7.53956
    -7.57986
    -7.63852
    -7.70787
    -7.64637
    -7.72409
    -7.66339
    -7.61797
     -7.6125
    -7.60574
    -7.50198
     -7.5746
    -7.50053
     -7.5204
     -7.5364
     -7.4811
    -7.47381
    -7.45259
    -7.40267
    -7.40215
    -7.36491
    -7.46153
    -7.51728
    -7.45211
     -7.4987
    -7.41691
    -7.43266
    -7.42735
    -7.47524
     -7.5218
    -7.48587
     -7.5087
    -7.46584
    -7.49891
    -7.43537
    -7.46837
    -7.55535
    -7.59289
    -7.61833
    -7.62305
    -7.56663
    -7.59273
    -7.59124
    -7.61546
     -7.5547
    -7.57331
    -7.52388
    -7.59701
    -7.59137
    -7.59475
    -7.58259
    -7.51801
    -7.58963
    -7.54801
    -7.57261
    -7.64208
    -7.64578
    -7.62787
    -7.58055
    -7.57655
    -7.50213
    -7.45704
    -7.44035
    -7.42067
    -7.47843
    -7.50986
    -7.51328
    -7.58868
    -7.64704
     -7.6847
    -7.62028
    -7.61953
    -7.60837
    -7.57528
    -7.57042
    -7.62528
    -7.60387
    -7.56466
    -7.57983
    -7.59472
    -7.59985
    -7.60664
    -7.63826
    -7.64047
    -7.64029
    -7.66764
    -7.64155
    -7.60587
    -7.59742
    -7.60283
    -7.61656
    -7.66843
    -7.73164
     -7.6499
    -7.57862
    -7.58827
    -7.57927
    -7.57776
    -7.54449
     -7.5346
    -7.48646
    -7.58229
    -7.58158
     -7.6021
    -7.57893
    -7.53171
    -7.51484
    -7.50279
    -7.48625
    -7.48104
    -7.42969
    -7.54794
    -7.59633
    -7.63014
    -7.65767
    -7.66946
    -7.66045
    -7.58496
    -7.49837
     -7.5819
    -7.59949
    -7.55065
    -7.54719
    -7.52488
    -7.59846
    -7.57997
    -7.57401
    -7.65872
    -7.65796
     -7.6124
    -7.64133
    -7.62243
    -7.63527
     -7.6109
     -7.6121
    -7.67039
    -7.66782
    -7.51984
    -7.56027
    -7.59126
    -7.63949
    -7.59829
    -7.63764
    -7.56956
    -7.54588
    -7.58532
    -7.52991
    -7.58317
    -7.58661
    -7.55931
     -7.6255
    -7.52188
    -7.52134
    -7.52786
    -7.56037
    -7.65765
    -7.65246
    -7.64974
    -7.67857
    -7.65349
    -7.63549
    -7.64513
     -7.5675
    -7.53231
    -7.51315
    -7.56043
    -7.55123
    -7.61534
    -7.63016
    -7.62235
    -7.61295
    -7.49104
    -7.60899
     -7.5908
    -7.60741
    -7.60892
    -7.52351
    -7.52628
    -7.56941
    -7.56554
    -7.64036
    -7.53035
    -7.51252
     -7.5062
     -7.4635
    -7.40216
    -7.53181
    -7.46541
    -7.51013
    -7.53387
    -7.54611
    -7.55369
    -7.53488
    -7.54343
    -7.50519
    -7.45284
    -7.43517
    -7.54478
    -7.57618
    -7.55372
    -7.54573
    -7.57112
     -7.4867
    -7.47165
    -7.41487
    -7.38935
    -7.49542
    -7.46813
    -7.48396
    -7.47548
    -7.46033
    -7.57188
    -7.56727
    -7.60469
    -7.58685
    -7.57805
    -7.60531
    -7.67166
    -7.66462
    -7.62388
    -7.56495
      -7.534
    -7.61187
    -7.66344
    -7.59924
     -7.6301
    -7.66944
    -7.60399
    -7.56012
    -7.59687
    -7.54631
    -7.52426
    -7.60901
    -7.56615
    -7.56545
    -7.64154
    -7.70133
    -7.68459
    -7.61578
    -7.57444
    -7.64503
    -7.61491
    -7.59986
    -7.56861
    -7.59212
    -7.60569
    -7.57498
    -7.63244
    -7.65192
    -7.64159
    -7.62758
    -7.60829
    -7.54051
    -7.51437
    -7.53729
    -7.46795
    -7.47739
    -7.47012
    -7.60227
    -7.63213
    -7.70635
    -7.59004
     -7.5919
    -7.60178
    -7.58359
    -7.59867
     -7.6156
    -7.63535
    -7.55982
    -7.55165
    -7.50979
    -7.54239
    -7.56064
    -7.57257
    -7.61642
    -7.58388
    -7.60323
    -7.60933
    -7.57346
    -7.60035
    -7.58936
    -7.46188
    -7.52085
    -7.44998
    -7.36536
    -7.45222
    -7.55298
    -7.52007
    -7.58151
    -7.53621
    -7.52391
    -7.57417
    -7.59072
     -7.5248
    -7.59203
    -7.63255
    -7.55535
    -7.63156
    -7.56327
    -7.56184
    -7.56754
    -7.57202
     -7.5618
    -7.56989
    -7.51026
    -7.50469
    -7.55024
     -7.6416
     -7.5933
    -7.62376
    -7.56196
    -7.64003
     -7.6554
    -7.65305
     -7.6764
    -7.68298
    -7.61663
    -7.63388
    -7.58846
    -7.55171
    -7.60496
    -7.63314
    -7.61663
    -7.55631
    -7.50128
    -7.50465
     -7.5127
     -7.5697
    -7.55527
    -7.62413
    -7.64874
    -7.73436
    -7.74319
    -7.69237
    -7.69123
    -7.71741
    -7.65527
    -7.58268
    -7.59108
    -7.63134
    -7.56943
    -7.59223
    -7.64971
     -7.6405
    -7.67222
    -7.72939
    -7.70751
     -7.7132
    -7.66699
    -7.62403
    -7.59717
    -7.62712
     -7.6391
    -7.69811
    -7.60553
    -7.59693
    -7.61982
    -7.63004
    -7.53737
    -7.57535
    -7.55804
    -7.58963
    -7.63573
    -7.62256
    -7.58595
    -7.57501
    -7.58526
    -7.60263
    -7.63612
    -7.58581
     -7.5858
     -7.5825
    -7.60277
    -7.56467
    -7.58442
    -7.61027
    -7.59119
    -7.62117
    -7.65638
    -7.59489
    -7.52948
     -7.4109
    -7.37877
    -7.37804
    -7.38986
    -7.44308
    -7.43376
    -7.42278
    -7.51212
     -7.5745
    -7.59647
     -7.5604
    -7.61837
      -7.577
    -7.44567
    -7.52499
    -7.53111
     -7.5223
     -7.5741
    -7.56951
    -7.55394
    -7.38838
    -7.47431
    -7.49324
    -7.54072
    -7.51912
    -7.55991
    -7.58842
    -7.62049
    -7.59107
    -7.66257
    -7.65777
    -7.63727
    -7.57459
    -7.58591
    -7.67443
    -7.73801
    -7.67901
    -7.63368
    -7.58517
    -7.55824
    -7.54718
    -7.56887
    -7.57675
     -7.5359
    -7.56222
    -7.60781
    -7.65135
    -7.52488
    -7.48309
    -7.42475
    -7.48235
    -7.46323
    -7.46613
    -7.44251
    -7.48212
     -7.4611
    -7.49948
    -7.47249
     -7.4401
    -7.54589
    -7.48998
     -7.5585
    -7.51405
     -7.5044
    -7.52464
     -7.5133
    -7.53813
    -7.55148
     -7.6057
    -7.61893
    -7.48601
    -7.59753
    -7.58296
    -7.57645
    -7.63152
     -7.6741
    -7.68191
    -7.60724
    -7.64163
    -7.59842
    -7.66861
     -7.6459
    -7.72466
    -7.70126
    -7.68635
    -7.68135
    -7.64106
    -7.63116
    -7.67711
    -7.55757
     -7.6091
    -7.44977
    -7.40798
    -7.34977
    -7.49141
    -7.55158
    -7.59509
    -7.68766
    -7.72138
    -7.66771
    -7.55812
    -7.54928
    -7.50103
    -7.58505
    -7.59361
    -7.55593
    -7.59256
    -7.61745
    -7.61386
    -7.62805
    -7.61357
    -7.63882
    -7.63231
     -7.5991
    -7.65779
    -7.64994
     -7.5965
    -7.57477
    -7.62609
    -7.56798
    -7.66144
    -7.64984
     -7.6131
    -7.60329
    -7.71406
    -7.61117
    -7.60255
    -7.60769
    -7.60159
    -7.58797
    -7.58455
    -7.52582
    -7.52497
    -7.53037
    -7.46091
    -7.53196
    -7.57529
    -7.69473
    -7.65833
    -7.60262
    -7.60702
    -7.57232
    -7.56836
     -7.4732
    -7.51793
    -7.56096
    -7.41444
     -7.4281
    -7.37746
    -7.46102
     -7.4426
    -7.44403
    -7.47219
    -7.51381
    -7.49672
    -7.52169
    -7.43955
     -7.4643
    -7.47811
     -7.5187
     -7.4742
     -7.5077
    -7.48995
    -7.50821
    -7.51052
    -7.50499
    -7.50334
    -7.56492
    -7.50669
    -7.45896
    -7.46478
    -7.40848
    -7.44614
    -7.40939
    -7.36708
    -7.42179
    -7.42003
    -7.37648
       -7.46
    -7.54818
    -7.54776
    -7.52513
    -7.57348
    -7.52037
    -7.51966
    -7.47858
     -7.3965
    -7.44933
    -7.47505
    -7.48684
    -7.46002
    -7.37117
    -7.46797
    -7.52652
    -7.51369
    -7.52281
    -7.49999
     -7.5076
    -7.60381
    -7.51348
    -7.57613
    -7.60093
    -7.52362
     -7.4329
    -7.45483
      -7.504
    -7.45455
    -7.44739
    -7.44311
    -7.49053
    -7.47586
    -7.48083
    -7.49063
    -7.40591
     -7.4262
    -7.39152
    -7.33776
    -7.40078
    -7.40939
    -7.39608
    -7.41073
    -7.43156
    -7.52663
    -7.49431
    -7.43381
    -7.51111
    -7.47519
    -7.54345
    -7.53676
    -7.51313
    -7.55855
    -7.59033
    -7.58166
    -7.53273
    -7.45382
    -7.48777
    -7.49832
    -7.37548
    -7.41644
    -7.46337
    -7.48334
    -7.45885
    -7.48071
    -7.45039
    -7.52142
     -7.4771
    -7.55383
    -7.55489
    -7.52197
    -7.49372
    -7.46348
    -7.53639
    -7.54868
    -7.55841
    -7.62088
     -7.5493
    -7.60087
    -7.47047
    -7.46351
    -7.43875
    -7.47401
    -7.51875
    -7.52261
    -7.52579
    -7.52053
     -7.4941
    -7.55595
    -7.53793
    -7.60807
    -7.64148
    -7.56025
     -7.6067
    -7.57926
    -7.50133
        -7.4
    -7.32025
    -7.35707
    -7.42651
    -7.49828
    -7.42232
    -7.44861
    -7.45713
    -7.52854
    -7.65514
    -7.56779
    -7.57845
    -7.61551
    -7.59261
    -7.53671
    -7.56708
    -7.53689
     -7.5868
    -7.59743
    -7.56769
    -7.60775
    -7.58498
    -7.57654
      -7.545
    -7.58609
     -7.5891
    -7.58414
    -7.69503
     -7.6271
    -7.66005
     -7.5717
    -7.53288
    -7.65758
    -7.64353
    -7.60032
    -7.71976
    -7.69385
    -7.77343
    -7.86905
     -7.8076
    -7.81515
    -7.76367
    -7.82227
    -7.89726
     -7.9211
    -7.83516
    -7.84036
    -7.72315
    -7.74617
    -7.77548
    -7.74254
    -7.70053
     -7.6981
    -7.70121
    -7.67049
    -7.63312
    -7.64041
    -7.67323
    -7.66665
    -7.71115
    -7.68731
    -7.64241
    -7.67532
    -7.72405
    -7.71191
    -7.68686
    -7.57339
    -7.56102
    -7.54222
    -7.55661
     -7.5901
     -7.5494
    -7.52809
    -7.49755
    -7.56275
    -7.52196
    -7.48677
     -7.5426
    -7.60398
     -7.5704
    -7.47169
    -7.53699
    -7.55906
    -7.61234
    -7.65193
    -7.60952
    -7.56258
    -7.54878
    -7.54614
     -7.5266
    -7.50038
    -7.49302
    -7.41656
    -7.39878
    -7.46101
    -7.47734
    -7.51212
    -7.52061
    -7.47803
    -7.49851
    -7.50158
    -7.53507
    -7.49669
    -7.45622
    -7.45623
    -7.49435
    -7.48204
     -7.4762
     -7.5267
    -7.52109
    -7.46563
    -7.51734
    -7.49087
    -7.50845
    -7.53469
    -7.56351
    -7.65024
     -7.5457
    -7.56056
    -7.63059
    -7.55544
    -7.58858
    -7.71009
    -7.72435
    -7.65931
    -7.60871
    -7.61864
    -7.55759
    -7.51423
    -7.48245
    -7.49605
    -7.54452
    -7.52405
    -7.59148
    -7.65781
     -7.6794
    -7.71721
    -7.68879
    -7.61444
    -7.66144
    -7.71496
    -7.71138
    -7.71437
    -7.72294
    -7.73706
    -7.69911
     -7.6886
    -7.73217
    -7.72375
     -7.7038
    -7.71595
    -7.66916
    -7.68995
    -7.63641
    -7.63473
     -7.5586
    -7.64886
     -7.6801
    -7.65454
    -7.69313
    -7.67489
    -7.58596
     -7.6536
    -7.63943
    -7.55801
    -7.54297
    -7.43304
    -7.46643
    -7.47846
    -7.53885
     -7.5333
    -7.55667
    -7.58096
    -7.66891
    -7.67379
    -7.64281
    -7.71024
    -7.70968
     -7.6286
    -7.66526
    -7.54006
    -7.46263
    -7.48161
    -7.56963
     -7.5244
    -7.52341
    -7.54212
    -7.52591
    -7.44994
    -7.53281
    -7.50078
    -7.54615
    -7.52893
    -7.50336
    -7.56277
    -7.64884
    -7.63791
    -7.58619
    -7.58702
    -7.56217
    -7.61131
    -7.60181
    -7.65722
    -7.60727
    -7.60264
    -7.59553
    -7.58861
    -7.61079
    -7.55967
    -7.57959
    -7.51214
    -7.41755
    -7.46076
     -7.4681
    -7.50641
    -7.45082
     -7.4638
    -7.56381
     -7.5021
    -7.39025
    -7.46053
    -7.51469
    -7.56183
    -7.53454
    -7.59665
    -7.61006
    -7.67619
    -7.74261
      -7.747
    -7.71514
    -7.68399
     -7.7355
    -7.63737
    -7.62467
    -7.61837
    -7.61675
    -7.64317
    -7.59223
    -7.53004
    -7.44981
    -7.52323
    -7.50785
    -7.61169
    -7.64648
    -7.53888
    -7.44518
    -7.44633
    -7.43326
    -7.39332
    -7.38638
    -7.51599
    -7.55091
    -7.52425
    -7.54491
    -7.51756
    -7.65269
    -7.62156
    -7.59502
    -7.66878
    -7.68812
    -7.71812
    -7.65244
    -7.63559
    -7.64133
    -7.59004
    -7.48479
    -7.50323
     -7.4202
    -7.41745
    -7.40784
    -7.41666
    -7.43505
     -7.4252
    -7.45677
    -7.54496
    -7.55775
    -7.54021
    -7.65814
    -7.64819
    -7.63254
    -7.60321
    -7.61876
    -7.67758
    -7.70763
     -7.6874
    -7.66122
    -7.66136
    -7.65289
    -7.65827
    -7.63289
     -7.6387
     -7.6564
    -7.57246
    -7.61606
    -7.63523
    -7.67211
    -7.57364
    -7.58698
    -7.58555
    -7.55796
    -7.46249
    -7.48111
    -7.52229
    -7.52018
      -7.472
     -7.4858
    -7.60485
    -7.67745
     -7.7016
    -7.62762
    -7.62482
    -7.58124
    -7.68608
    -7.69969
    -7.66228
    -7.62193
    -7.62547
    -7.57433
    -7.53074
    -7.47761
    -7.45428
    -7.49066
    -7.55214
    -7.48763
    -7.54381
    -7.60692
    -7.57743
    -7.54301
    -7.59926
    -7.51906
    -7.57573
    -7.51402
    -7.55778
    -7.65557
    -7.69093
    -7.72464
    -7.74557
    -7.71131
    -7.73789
    -7.71595
    -7.60044
    -7.64644
    -7.68232
    -7.67514
    -7.56078
    -7.48389
    -7.49134
    -7.41893
    -7.49953
    -7.48379
    -7.52527
    -7.55799
    -7.55988
    -7.57177
    -7.57112
     -7.6454
    -7.57356
     -7.4363
    -7.44759
    -7.47357
    -7.50535
    -7.51866
    -7.47419
    -7.44113
    -7.53151
    -7.54329
    -7.53705
     -7.5101
    -7.34966
    -7.36709
      -7.453
    -7.49793
     -7.4101
    -7.38012
    -7.37841
    -7.38593
    -7.35802
    -7.33383
    -7.36359
    -7.39482
    -7.39992
      -7.261
    -7.25107
    -7.38614
    -7.34544
    -7.34822
    -7.36971
    -7.45748
    -7.49992
    -7.52226
    -7.46987
    -7.45929
    -7.52037
    -7.57726
     -7.5962
    -7.53216
    -7.54571
    -7.57592
     -7.6152
    -7.62625
    -7.61747
     -7.6316
    -7.57475
    -7.58383
    -7.58038
    -7.53973
    -7.54763
    -7.53094
    -7.48009
    -7.46485
    -7.49934
    -7.52475
    -7.49281
    -7.55128
    -7.55042
    -7.50916
    -7.58197
    -7.57047
    -7.54073
    -7.61072
    -7.47038
    -7.52049
    -7.61662
    -7.53801
    -7.59801
     -7.6301
    -7.57425
    -7.59307
    -7.55072
    -7.53249
    -7.51587
    -7.46417
    -7.42025
    -7.44643
       -7.42
    -7.42091
    -7.50238
    -7.48518
    -7.50873
    -7.52266
    -7.57697
    -7.52755
    -7.55169
    -7.42008
    -7.48143
    -7.42686
      -7.434
    -7.45302
    -7.50059
    -7.48855
    -7.54285
    -7.57674
    -7.59144
    -7.65009
    -7.66539
    -7.65798
    -7.65434
    -7.75258
    -7.71135
    -7.73241
    -7.63377
    -7.56551
    -7.57153
    -7.52961
    -7.47829
    -7.45996
    -7.47969
     -7.4926
    -7.47349
     -7.4783
    -7.46187
    -7.43633
    -7.49397
     -7.5318
    -7.48754
    -7.53609
    -7.49704
    -7.43352
    -7.43148
    -7.39693
    -7.37888
    -7.35743
     -7.4757
    -7.44755
    -7.49999
     -7.5099
    -7.53493
    -7.56415
    -7.52252
    -7.51568
     -7.5629
    -7.53155
    -7.56044
    -7.62753
    -7.63008
    -7.54338
    -7.64859
    -7.59568
    -7.58036
    -7.66298
    -7.59774
    -7.59006
    -7.54617
    -7.56391
    -7.59853
    -7.59425
    -7.59772
    -7.60193
    -7.58944
    -7.59292
    -7.54615
    -7.49065
    -7.54394
    -7.50318
    -7.53143
    -7.60028
    -7.62624
    -7.53996
    -7.50256
    -7.45059
    -7.43822
    -7.45815
    -7.39508
    -7.47963
    -7.46105
    -7.44482
    -7.44039
    -7.51508
    -7.46136
    -7.52587
    -7.46081
    -7.40393
    -7.50454
    -7.48581
    -7.47838
    -7.43598
    -7.51941
    -7.55524
    -7.64001
     -7.6048
    -7.54157
    -7.57727
    -7.54824
    -7.59011
    -7.64469
    -7.61953
    -7.65138
    -7.58745
    -7.63453
    -7.63151
    -7.53523
    -7.51008
    -7.55335
    -7.46718
    -7.56723
    -7.59598
     -7.5667
    -7.57013
    -7.55271
     -7.5034
    -7.45719
    -7.34001
    -7.38679
    -7.34891
    -7.43554
    -7.43825
    -7.47876
    -7.55963
     -7.5207
    -7.57996
    -7.63677
     -7.5964
    -7.65692
    -7.54399
    -7.56194
    -7.54459
     -7.5285
     -7.6223
     -7.5419
    -7.50356
    -7.52426
    -7.49737
    -7.54821
    -7.50611
    -7.49337
    -7.54692
     -7.5657
    -7.57219
    -7.61627
    -7.57342
    -7.55824
    -7.55257
    -7.62132
    -7.59718
     -7.6731
    -7.69234
    -7.73655
    -7.72736
    -7.72457
    -7.71366
    -7.66007
     -7.6663
    -7.70973
    -7.64271
    -7.67035
    -7.67517
    -7.67506
    -7.59781
    -7.60549
     -7.5916
    -7.54384
     -7.5276
    -7.62191
    -7.57113
    -7.55313
    -7.51625
    -7.46301
    -7.42678
    -7.36411
    -7.39498
    -7.42482
    -7.55592
    -7.59195
     -7.6052
    -7.59422
     -7.6071
    -7.57595
    -7.56911
    -7.61637
    -7.62965
     -7.6492
     -7.6211
    -7.65817
    -7.71576
    -7.68245
    -7.64797
    -7.62481
    -7.67521
    -7.72549
    -7.70026
    -7.71523
    -7.75306
     -7.6928
    -7.67265
    -7.71374
    -7.60623
    -7.65452
    -7.61556
    -7.55472
    -7.62811
    -7.63342
    -7.63287
    -7.63646
    -7.65494
    -7.72182
    -7.61562
        -7.6
    -7.59554
    -7.65486
    -7.61256
    -7.68851
    -7.67152
    -7.62242
    -7.67981
    -7.59242
    -7.57986
     -7.5494
    -7.57123
    -7.55332
     -7.5218
    -7.44707
    -7.55191
    -7.50716
    -7.53075
    -7.58052
    -7.60659
    -7.57753
    -7.62596
    -7.60786
    -7.68081
     -7.6309
    -7.60719
    -7.66896
    -7.63662
    -7.64897
    -7.54368
    -7.56211
    -7.57343
    -7.64529
    -7.61628
    -7.62467
    -7.63205
    -7.58197
     -7.4996
    -7.49439
    -7.61322
    -7.69197
    -7.64201
    -7.64344
    -7.70093
     -7.6871
    -7.58658
    -7.55314
    -7.58334
    -7.61443
    -7.61709
    -7.56763
     -7.5354
    -7.48298
    -7.50648
    -7.49099
     -7.5067
    -7.47527
    -7.48254
    -7.48552
     -7.4915
    -7.58053
    -7.67028
    -7.69563
    -7.64924
    -7.67731
    -7.58081
     -7.6732
    -7.62163
    -7.61999
    -7.56323
    -7.59411
    -7.62628
    -7.64143
    -7.61336
     -7.5894
     -7.5588
    -7.57853
    -7.60098
    -7.57222
    -7.61219
    -7.56763
    -7.60056
    -7.50697
    -7.40929
    -7.54387
     -7.4439
    -7.43507
    -7.37715
    -7.39695
    -7.40553
     -7.4664
    -7.47837
    -7.51347
    -7.49393
    -7.55226
    -7.51716
     -7.4654
    -7.48381
    -7.49198
    -7.47421
    -7.44861
    -7.39464
    -7.36169
    -7.42357
    -7.41845
    -7.37664
    -7.43379
    -7.46034
    -7.47009
    -7.43293
    -7.41337
    -7.53274
     -7.4993
    -7.49167
    -7.48868
    -7.53283
    -7.51537
    -7.50538
    -7.46323
     -7.5133
    -7.59444
    -7.54546
    -7.63812
    -7.56501
    -7.53156
    -7.47828
    -7.49011
    -7.51276
    -7.55155
    -7.47749
    -7.55216
    -7.54836
    -7.56617
    -7.52528
    -7.56182
    -7.52344
    -7.55884
    -7.50476
    -7.55086
    -7.52949
    -7.61745
    -7.55218
    -7.55085
    -7.57915
    -7.44754
    -7.56294
    -7.61344
    -7.57989
    -7.57393
    -7.49229
    -7.55379
    -7.49671
    -7.43948
    -7.43798
    -7.48876
    -7.55675
    -7.60243
    -7.60634
    -7.55114
    -7.57025
    -7.51363
    -7.54079
    -7.59191
    -7.58664
    -7.58465
    -7.56484
    -7.60519
    -7.64204
     -7.6289
    -7.63994
    -7.61442
     -7.6208
    -7.56742
    -7.52517
    -7.50253
    -7.54671
    -7.46013
    -7.40581
    -7.57248
    -7.66343
    -7.65913
    -7.65595
    -7.62268
    -7.62569
    -7.60506
    -7.60271
    -7.56088
    -7.58685
    -7.55519
    -7.50479
    -7.56019
     -7.6144
    -7.58369
    -7.60239
    -7.58017
    -7.59717
    -7.52273
     -7.5182
     -7.5533
    -7.62846
    -7.57973
    -7.65984
    -7.61218
    -7.67671
    -7.66584
    -7.65287
    -7.58261
    -7.62498
    -7.58287
    -7.58681
    -7.61304
    -7.58891
    -7.44635
    -7.50519
    -7.57324
    -7.59203
    -7.64987
    -7.72248
    -7.68922
    -7.68015
    -7.58208
    -7.57765
    -7.57036
     -7.5609
    -7.51129
    -7.56399
    -7.53891
    -7.55724
    -7.55077
    -7.51612
    -7.53583
    -7.50315
    -7.48339
    -7.46573
    -7.54698
    -7.52236
    -7.60367
    -7.55028
    -7.54955
    -7.50939
    -7.48542
    -7.52473
    -7.52578
    -7.53899
    -7.58088
    -7.58704
    -7.63506
    -7.60916
    -7.50911
    -7.47442
    -7.54309
    -7.53437
    -7.51687
    -7.56684
    -7.57108
    -7.56765
    -7.67017
    -7.53525
    -7.49305
    -7.54003
    -7.50554
    -7.59643
    -7.64856
    -7.64017
    -7.58296
    -7.61469
    -7.61411
    -7.58872
    -7.67826
    -7.68513
    -7.67134
    -7.54926
    -7.53485
    -7.58505
    -7.53472
    -7.61599
    -7.60848
    -7.68939
    -7.63072
    -7.65578
     -7.7254
    -7.70602
    -7.70067
    -7.64791
    -7.70428
    -7.68686
    -7.69721
    -7.69708
    -7.63094
     -7.6103
    -7.60716
    -7.68538
    -7.67406
    -7.54256
    -7.50211
    -7.57806
    -7.58031
    -7.65288
    -7.62217
    -7.55119
    -7.54016
    -7.58369
     -7.6375
    -7.62832
    -7.61542
    -7.56094
    -7.64596
    -7.60057
     -7.5981
    -7.61755
    -7.67513
    -7.71013
    -7.64245
     -7.6721
    -7.68901
    -7.73481
    -7.66345
    -7.59229
     -7.6518
    -7.64613
    -7.62107
    -7.68146
    -7.63068
    -7.68673
     -7.7405
    -7.68618
    -7.60327
    -7.59013
    -7.63831
    -7.58954
    -7.49102
    -7.46737
    -7.45366
    -7.56797
    -7.61219
      -7.617
    -7.67058
    -7.60661
    -7.51661
    -7.50986
    -7.51921
    -7.54887
    -7.52234
    -7.51433
    -7.47085
    -7.50015
    -7.46298
    -7.49787
    -7.57862
    -7.57425
    -7.51376
    -7.48402
     -7.5032
    -7.48895
    -7.48424
    -7.51047
    -7.55105
    -7.58165
      -7.539
    -7.52996
     -7.4977
    -7.52803
    -7.56698
    -7.55647
    -7.56385
    -7.53192
    -7.51435
    -7.49361
    -7.45327
    -7.47518
    -7.45502
    -7.38186
    -7.38266
    -7.44495
    -7.50358
    -7.49255
    -7.58602
    -7.52451
    -7.61376
    -7.56323
    -7.52647
    -7.53639
    -7.41649
    -7.50708
    -7.46841
    -7.42256
    -7.52355
     -7.5254
    -7.48769
    -7.51119
    -7.62022
    -7.63276
    -7.61185
    -7.55738
    -7.56836
    -7.56574
    -7.59691
    -7.54431
    -7.57839
    -7.47329
    -7.50724
     -7.6092
    -7.61104
    -7.70246
     -7.7089
    -7.71185
    -7.67699
    -7.66457
    -7.68496
    -7.72996
    -7.64604
    -7.62762
    -7.52985
     -7.5378
    -7.56702
    -7.53078
     -7.5147
    -7.42037
    -7.42434
    -7.40284
    -7.43725
    -7.38432
    -7.45232
    -7.55454
    -7.49748
    -7.53366
    -7.57796
    -7.59676
    -7.58213
    -7.54563
    -7.49618
    -7.54678
    -7.49652
    -7.50631
    -7.46607
    -7.46681
    -7.64473
    -7.62234
    -7.63814
    -7.66139
    -7.57665
    -7.61321
    -7.60036
    -7.54424
    -7.64113
    -7.66935
    -7.61453
    -7.64105
    -7.70834
    -7.68524
    -7.61927
    -7.62375
    -7.60227
    -7.57355
    -7.52471
    -7.55985
    -7.55208
      -7.528
    -7.49038
     -7.5147
    -7.60754
    -7.63978
    -7.58835
    -7.51005
    -7.61391
    -7.57305
    -7.59852
    -7.55718
     -7.5366
    -7.57472
    -7.55063
    -7.47779
    -7.64277
    -7.65713
    -7.61803
    -7.57961
    -7.65497
    -7.59544
     -7.7291
     -7.6958
    -7.76004
    -7.77778
    -7.76237
    -7.77198
    -7.79907
    -7.74683
    -7.76586
    -7.76515
     -7.7092
    -7.67563
    -7.64853
    -7.63373
    -7.59918
    -7.61236
    -7.59275
     -7.5528
    -7.54826
    -7.49038
    -7.50436
    -7.52622
    -7.57941
    -7.57246
    -7.55857
    -7.53816
     -7.5342
    -7.51082
    -7.49907
    -7.47355
    -7.53419
    -7.52903
    -7.54547
    -7.56935
    -7.57928
    -7.59646
    -7.57309
    -7.50477
    -7.55511
     -7.5634
    -7.46375
     -7.5174
    -7.53859
    -7.45009
    -7.41572
    -7.36072
    -7.38754
    -7.50523
    -7.63146
    -7.58983
     -7.5786
     -7.6162
    -7.60436
    -7.63083
     -7.5601
    -7.56666
    -7.56693
    -7.55565
    -7.56473
    -7.65044
    -7.60887
    -7.54154
    -7.54261
    -7.53502
    -7.51468
    -7.53287
    -7.47911
    -7.51677
     -7.5676
    -7.58307
    -7.51667
    -7.58135
    -7.50997
    -7.51739
    -7.43768
    -7.46693
    -7.55492
    -7.54023
    -7.52214
    -7.56645
    -7.52599
    -7.50937
    -7.53177
    -7.53513
    -7.49071
    -7.48254
    -7.43591
    -7.47789
    -7.41489
    -7.49266
    -7.51169
     -7.4447
    -7.43927
    -7.50655
    -7.45906
      -7.537
    -7.52034
     -7.5278
    -7.46312
    -7.48655
    -7.50291
    -7.49043
    -7.52165
    -7.59143
    -7.51426
    -7.51225
    -7.42021
    -7.43686
    -7.40281
    -7.47015
    -7.46841
    -7.53148
    -7.46703
    -7.55318
    -7.52865
    -7.48653
    -7.38154
    -7.46007
    -7.53428
    -7.58467
    -7.52653
    -7.46952
    -7.48356
    -7.46434
     -7.4584
    -7.46792
    -7.50069
    -7.51474
    -7.50505
     -7.4608
    -7.51205
    -7.53796
    -7.53232
    -7.54429
    -7.55843
    -7.55329
    -7.53604
    -7.51016
    -7.50371
    -7.50905
    -7.41683
     -7.4193
     -7.4239
     -7.4572
    -7.53492
    -7.58368
    -7.56846
    -7.47941
    -7.52873
    -7.52311
    -7.56991
    -7.59878
    -7.55616
    -7.48805
    -7.47571
    -7.51911
    -7.46248
    -7.46653
    -7.46373
    -7.46608
    -7.43897
    -7.45418
    -7.49793
    -7.50307
    -7.52118
    -7.61088
    -7.60464
    -7.57606
    -7.52949
     -7.5267
    -7.55576
     -7.4821
    -7.50928
    -7.55304
    -7.59109
    -7.54697
    -7.52145
    -7.56394
     -7.5781
    -7.55621
    -7.51047
    -7.49242
    -7.56766
     -7.6293
    -7.60099
    -7.52772
     -7.4459
    -7.47426
    -7.43028
    -7.47594
    -7.48156
    -7.41683
    -7.41538
     -7.4749
    -7.53231
     -7.4777
    -7.46253
    -7.42461
    -7.38794
    -7.41286
    -7.45872
    -7.41649
    -7.44949
     -7.4298
    -7.40307
    -7.37624
    -7.36615
    -7.39642
    -7.50994
    -7.52429
      -7.548
    -7.55782
    -7.56734
    -7.60852
    -7.56607
    -7.55763
    -7.49184
    -7.50996
    -7.50739
    -7.53155
    -7.53767
    -7.56483
    -7.60793
    -7.60983
    -7.61868
    -7.62255
    -7.62689
    -7.55955
    -7.55245
    -7.53899
    -7.50556
    -7.59018
    -7.53074
    -7.52746
    -7.51161
     -7.5327
     -7.4697
    -7.51212
    -7.45155
    -7.44805
     -7.4232
     -7.4605
    -7.47414
    -7.40007
    -7.35864
    -7.38885
    -7.40234
    -7.44201
    -7.50845
    -7.53396
    -7.49084
    -7.57442
    -7.52399
    -7.58121
    -7.55043
    -7.56173
    -7.46457
    -7.43597
     -7.3956
    -7.38416
    -7.37944
    -7.32629
    -7.40978
    -7.47323
    -7.50999
    -7.50634
    -7.56238
    -7.53358
    -7.59496
     -7.5232
    -7.56624
    -7.50784
     -7.5617
      -7.617
    -7.62234
    -7.62536
    -7.58857
    -7.54084
    -7.54426
    -7.62935
    -7.62586
     -7.5715
    -7.63493
    -7.64318
    -7.57911
    -7.50236
    -7.56688
    -7.54967
    -7.61185
    -7.56074
    -7.60761
    -7.49805
    -7.48296
    -7.41728
     -7.5358
    -7.51544
    -7.53797
    -7.47463
    -7.49375
    -7.44159
