248.797
248.229
248.449
248.903
248.877
249.102
248.675
248.786
248.179
248.813
248.408
248.39
248.491
248.786
249.224
248.512
248.931
248.4
248.7
248.703
248.889
249.132
249.098
248.803
248.672
249.121
248.692
248.85
248.589
248.732
249.093
248.84
248.727
248.866
248.934
248.904
248.531
248.899
249.031
249.139
248.766
248.924
248.354
248.413
248.551
248.398
248.343
248.682
248.448
249.097
248.76
248.572
248.897
248.546
248.604
248.566
248.397
248.715
248.794
248.866
248.596
248.238
248.785
248.976
248.48
248.863
248.5
248.711
249.197
248.664
249.035
248.836
249.271
248.614
248.514
248.504
248.739
248.388
248.905
248.505
248.459
248.502
248.992
248.893
249.231
248.685
248.187
248.804
248.703
248.657
248.305
248.734
248.595
248.631
248.515
248.775
248.58
248.786
248.427
248.708
