5.13327
4.90898
5.01558
5.03484
4.98205
4.95401
4.9661
4.78088
5.09124
5.15083
5.07502
4.9717
4.99096
5.0159
5.05235
4.76379
4.88451
4.85504
5.10063
5.10129
4.90676
4.96595
4.90685
5.07646
4.77321
4.9288
5.05968
4.92937
5.00051
5.12403
4.93239
5.04669
5.11154
4.91587
5.01109
4.98194
4.86654
4.79648
5.15816
4.95943
4.83241
5.08312
4.91582
4.80077
4.97617
5.00132
5.04916
5.0181
4.91316
4.86282
5.04238
5.15661
4.8156
5.22804
4.90362
4.94845
5.12211
4.86723
4.96901
4.91113
4.90598
4.88428
4.93332
4.97443
5.08115
4.95911
5.01361
4.94912
4.86703
5.04094
5.10832
5.06287
4.98168
5.1439
5.05939
4.89704
5.11422
5.07424
5.10169
4.92645
4.99044
5.16956
4.9642
5.1255
4.94856
5.19476
5.06748
4.84423
5.06356
5.08748
5.22671
5.08706
5.20364
5.17243
4.86273
4.8591
4.97489
4.98762
4.95457
4.91719
