1.46341
1.47474
1.4709
1.48932
1.47585
1.50962
1.48918
1.57464
1.47364
1.523
1.48029
1.53909
1.47127
1.47649
1.48927
1.45459
1.48441
1.49364
1.5484
1.48114
1.50476
1.50042
1.54999
1.4497
1.50716
1.47803
1.55655
1.51861
1.55167
1.45975
1.48328
1.55788
1.50281
1.5378
1.49126
1.52537
1.49317
1.48575
1.50241
1.50763
1.53024
1.4955
1.50612
1.4863
1.49357
1.52017
1.48621
1.53585
1.47542
1.50884
1.43911
1.47787
1.47887
1.55991
1.47457
1.53463
1.4881
1.43144
1.5489
1.51984
1.51349
1.51243
1.4842
1.45775
1.49069
1.57791
1.4567
1.44371
1.47399
1.49011
1.60628
1.5043
1.5529
1.42548
1.49167
1.52473
1.46181
1.49552
1.54136
1.51102
1.54728
1.48305
1.46802
1.46984
1.45594
1.52154
1.50657
1.56975
1.5234
1.53365
1.48479
1.51564
1.43776
1.51258
1.53699
1.51493
1.45758
1.50741
1.48859
1.61582
