4.82041
5.05201
4.77654
4.99094
5.02869
5.11486
4.90241
4.95235
4.77453
5.10644
5.19324
5.15538
4.94501
4.90045
4.8805
5.05828
4.9174
5.00981
4.94389
4.98517
5.03358
4.90699
5.06655
4.92531
5.02803
4.95894
4.95492
4.84472
5.06214
4.95205
5.02931
4.90076
4.99898
4.93731
5.01332
4.99369
5.1178
4.85193
5.26715
5.09734
5.03083
5.01957
4.82001
4.88743
4.91082
5.04346
4.86452
5.08809
5.07076
5.0398
5.09201
4.97241
5.09305
4.91295
4.93588
5.02473
5.24283
5.01121
4.83767
4.96575
5.01167
5.0187
4.9356
5.03174
4.93373
4.83851
5.00381
5.1876
5.00778
4.84329
5.08013
5.00273
4.96692
5.02007
5.04962
5.06794
4.69707
4.98188
5.08833
4.90463
5.02682
4.92702
5.2096
5.1042
5.17123
4.89038
5.02276
5.05181
5.23231
5.11656
4.94191
4.99928
4.89052
4.99107
4.97339
4.94309
4.89869
5.02708
5.14315
4.94584
