1.54195
1.51836
1.49938
1.45253
1.49145
1.4966
1.47981
1.54677
1.4628
1.53124
1.43978
1.47092
1.46522
1.41475
1.49324
1.50248
1.48773
1.46345
1.52072
1.43609
1.55495
1.49377
1.50922
1.45518
1.43919
1.55076
1.50152
1.53646
1.46925
1.54413
1.49889
1.49144
1.50194
1.48645
1.55906
1.46576
1.56248
1.43053
1.52183
1.49073
1.52591
1.5346
1.44686
1.49901
1.52983
1.539
1.52057
1.48812
1.45487
1.49035
1.53378
1.58825
1.50219
1.49503
1.47812
1.44455
1.46553
1.45292
1.49764
1.49078
1.47824
1.44481
1.50413
1.5198
1.44436
1.51878
1.4987
1.5508
1.44698
1.47438
1.46037
1.51269
1.51951
1.48692
1.43673
1.47021
1.51783
1.49035
1.53763
1.47595
1.48773
1.49677
1.508
1.53368
1.44963
1.55084
1.44398
1.493
1.50822
1.49812
1.50166
1.4532
1.51615
1.52039
1.53513
1.53843
1.50724
1.5612
1.46198
1.47624
