41.2789	61.7302
33.6588	52.3931
29.7495	45.6315
27.7382	40.4582
23.7061	36.1964
19.1696	32.5737
19.1257	29.6089
14.5294	26.829
13.4063	24.0041
12.627	21.1846
11.4921	18.806
11.742	16.9045
11.6411	15.1398
10.9039	13.5622
10.9039	12.7024
9.6459	12.1848
9.28327	11.4398
8.45158	10.7285
7.96197	9.84711
7.23696	8.98864
6.89561	8.24771
6.3478	7.6367
6.28422	7.02566
5.93452	6.74004
5.67921	6.50569
4.98229	6.2612
4.62595	6.01011
4.61134	5.64033
4.30783	5.18954
4.08075	4.72794
3.81097	4.54104
3.95001	4.38268
3.42766	4.2974
3.42766	4.25609
3.11348	4.1249
3.11348	3.91258
2.99892	3.53389
2.7411	3.22826
2.6822	3.00736
2.57511	2.81392
2.55261	2.73779
2.40086	2.67796
2.33197	2.54096
2.18744	2.41349
2.15656	2.34933
2.11872	2.25374
2.10992	2.16252
2.10261	2.13838
2.10096	2.11042
2.10096	2.10499
2.10096	2.10241
2.10096	2.10135
2.10096	2.10096
2.10096	2.10096
2.10096	2.10096
2.10096	2.10096
2.10096	2.10096
2.10096	2.10096
2.10096	2.10096
2.10096	2.10096
2.10096	2.10096
2.10096	2.10096
2.10096	2.10096
2.10096	2.10096
2.10096	2.10096
2.10096	2.10096
2.10096	2.10096
2.10096	2.10096
2.10096	2.10096
2.10096	2.10096
2.10096	2.10096
2.10096	2.10096
2.10096	2.10096
2.10096	2.10096
2.10096	2.10096
2.10096	2.10096
2.10096	2.10096
2.10096	2.10096
2.10096	2.10096
2.10096	2.10096
2.10096	2.10096
2.10096	2.10096
2.10096	2.10096
2.10096	2.10096
2.10096	2.10096
2.10096	2.10096
2.10096	2.10096
2.10096	2.10096
2.10096	2.10096
2.10096	2.10096
2.10096	2.10096
2.10096	2.10096
2.10096	2.10096
2.10096	2.10096
2.10096	2.10096
2.10096	2.10096
2.10096	2.10096
2.10096	2.10096
2.10096	2.10096
2.10096	2.10096
2.10096	2.10096
2.10096	2.10096
2.10096	2.10096
2.10096	2.10096
2.10096	2.10096
2.10096	2.10096
2.10096	2.10096
2.10096	2.10096
2.10096	2.10096
2.10096	2.10096
2.10096	2.10096
2.10096	2.10096
2.10096	2.10096
2.10096	2.10096
2.10096	2.10096
2.10096	2.10096
2.10096	2.10096
2.10096	2.10096
2.10096	2.10096
2.10096	2.10096
2.10096	2.10096
2.10096	2.10096
2.10096	2.10096
2.10096	2.10096
2.10096	2.10096
2.10096	2.10096
2.10096	2.10096
2.10096	2.10096
2.10096	2.10096
2.10096	2.10096
2.10096	2.10096
2.10096	2.10096
2.10096	2.10096
2.10096	2.10096
2.10096	2.10096
2.10096	2.10096
2.10096	2.10096
2.10096	2.10096
2.10096	2.10096
2.10096	2.10096
2.10096	2.10096
2.10096	2.10096
2.10096	2.10096
2.10096	2.10096
2.10096	2.10096
2.10096	2.10096
2.10096	2.10096
2.10096	2.10096
2.10096	2.10096
2.10096	2.10096
2.10096	2.10096
2.10096	2.10096
2.10096	2.10096
2.10096	2.10096
2.10096	2.10096
2.10096	2.10096
2.10096	2.10096
2.10096	2.10096
2.10096	2.10096
2.10096	2.10096
2.10096	2.10096
2.10096	2.10096
2.10096	2.10096
2.10096	2.10096
2.10096	2.10096
2.10096	2.10096
2.10096	2.10096
2.10096	2.10096
2.10096	2.10096
2.10096	2.10096
2.10096	2.10096
2.10096	2.10096
2.10096	2.10096
2.10096	2.10096
2.10096	2.10096
2.10096	2.10096
2.10096	2.10096
2.10096	2.10096
2.10096	2.10096
2.10096	2.10096
2.10096	2.10096
2.10096	2.10096
2.10096	2.10096
2.10096	2.10096
2.10096	2.10096
2.10096	2.10096
2.10096	2.10096
2.10096	2.10096
2.10096	2.10096
2.10096	2.10096
2.10096	2.10096
2.10096	2.10096
2.10096	2.10096
2.10096	2.10096
2.10096	2.10096
2.10096	2.10096
2.10096	2.10096
2.10096	2.10096
2.10096	2.10096
2.10096	2.10096
2.10096	2.10096
2.10096	2.10096
2.10096	2.10096
2.10096	2.10096
2.10096	2.10096
2.10096	2.10096
2.10096	2.10096
2.10096	2.10096
2.10096	2.10096
2.10096	2.10096
2.10096	2.10096
2.10096	2.10096
2.10096	2.10096
2.10096	2.10096
2.10096	2.10096
2.10096	2.10096
2.10096	2.10096
2.10096	2.10096
2.10096	2.10096
2.10096	2.10096
2.10096	2.10096
2.10096	2.10096
2.10096	2.10096
2.10096	2.10096
2.10096	2.10096
2.10096	2.10096
2.10096	2.10096
2.10096	2.10096
2.10096	2.10096
2.10096	2.10096
2.10096	2.10096
2.10096	2.10096
2.10096	2.10096
2.10096	2.10096
2.10096	2.10096
2.10096	2.10096
2.10096	2.10096
2.10096	2.10096
2.10096	2.10096
2.10096	2.10096
2.10096	2.10096
2.10096	2.10096
2.10096	2.10096
2.10096	2.10096
2.10096	2.10096
2.10096	2.10096
2.10096	2.10096
2.10096	2.10096
2.10096	2.10096
2.10096	2.10096
2.10096	2.10096
2.10096	2.10096
2.10096	2.10096
2.10096	2.10096
2.10096	2.10096
2.10096	2.10096
2.10096	2.10096
2.10096	2.10096
2.10096	2.10096
2.10096	2.10096
2.10096	2.10096
2.10096	2.10096
2.10096	2.10096
2.10096	2.10096
2.10096	2.10096
2.10096	2.10096
2.10096	2.10096
2.10096	2.10096
2.10096	2.10096
2.10096	2.10096
2.10096	2.10096
2.10096	2.10096
2.10096	2.10096
2.10096	2.10096
2.10096	2.10096
2.10096	2.10096
2.10096	2.10096
2.10096	2.10096
2.10096	2.10096
2.10096	2.10096
2.10096	2.10096
2.10096	2.10096
2.10096	2.10096
2.10096	2.10096
2.10096	2.10096
2.10096	2.10096
2.10096	2.10096
2.10096	2.10096
2.10096	2.10096
2.10096	2.10096
2.10096	2.10096
2.10096	2.10096
2.10096	2.10096
2.10096	2.10096
2.10096	2.10096
2.10096	2.10096
2.10096	2.10096
2.10096	2.10096
2.10096	2.10096
2.10096	2.10096
2.10096	2.10096
2.10096	2.10096
2.10096	2.10096
2.10096	2.10096
2.10096	2.10096
2.10096	2.10096
2.10096	2.10096
2.10096	2.10096
2.10096	2.10096
2.10096	2.10096
2.10096	2.10096
2.10096	2.10096
2.10096	2.10096
2.10096	2.10096
2.10096	2.10096
2.10096	2.10096
2.10096	2.10096
2.10096	2.10096
2.10096	2.10096
2.10096	2.10096
2.10096	2.10096
2.10096	2.10096
2.10096	2.10096
2.10096	2.10096
2.10096	2.10096
2.10096	2.10096
2.10096	2.10096
2.10096	2.10096
2.10096	2.10096
2.10096	2.10096
2.10096	2.10096
2.10096	2.10096
2.10096	2.10096
2.10096	2.10096
2.10096	2.10096
2.10096	2.10096
2.10096	2.10096
2.10096	2.10096
2.10096	2.10096
2.10096	2.10096
2.10096	2.10096
2.10096	2.10096
2.10096	2.10096
2.10096	2.10096
2.10096	2.10096
2.10096	2.10096
2.10096	2.10096
2.10096	2.10096
2.10096	2.10096
2.10096	2.10096
2.10096	2.10096
2.10096	2.10096
2.10096	2.10096
2.10096	2.10096
2.10096	2.10096
2.10096	2.10096
2.10096	2.10096
2.10096	2.10096
2.10096	2.10096
2.10096	2.10096
2.10096	2.10096
2.10096	2.10096
2.10096	2.10096
2.10096	2.10096
2.10096	2.10096
2.10096	2.10096
2.10096	2.10096
2.10096	2.10096
2.10096	2.10096
2.10096	2.10096
2.10096	2.10096
2.10096	2.10096
2.10096	2.10096
2.10096	2.10096
2.10096	2.10096
2.10096	2.10096
2.10096	2.10096
2.10096	2.10096
2.10096	2.10096
2.10096	2.10096
2.10096	2.10096
2.10096	2.10096
2.10096	2.10096
2.10096	2.10096
2.10096	2.10096
2.10096	2.10096
2.10096	2.10096
2.10096	2.10096
2.10096	2.10096
2.10096	2.10096
2.10096	2.10096
2.10096	2.10096
2.10096	2.10096
2.10096	2.10096
2.10096	2.10096
2.10096	2.10096
2.10096	2.10096
2.10096	2.10096
2.10096	2.10096
2.10096	2.10096
2.10096	2.10096
2.10096	2.10096
2.10096	2.10096
2.10096	2.10096
2.10096	2.10096
2.10096	2.10096
2.10096	2.10096
2.10096	2.10096
2.10096	2.10096
2.10096	2.10096
2.10096	2.10096
2.10096	2.10096
2.10096	2.10096
2.10096	2.10096
2.10096	2.10096
2.10096	2.10096
2.10096	2.10096
2.10096	2.10096
2.10096	2.10096
2.10096	2.10096
2.10096	2.10096
2.10096	2.10096
2.10096	2.10096
2.10096	2.10096
2.10096	2.10096
2.10096	2.10096
2.10096	2.10096
2.10096	2.10096
2.10096	2.10096
2.10096	2.10096
2.10096	2.10096
2.10096	2.10096
2.10096	2.10096
2.10096	2.10096
2.10096	2.10096
2.10096	2.10096
2.10096	2.10096
2.10096	2.10096
2.10096	2.10096
2.10096	2.10096
2.10096	2.10096
2.10096	2.10096
2.10096	2.10096
2.10096	2.10096
2.10096	2.10096
2.10096	2.10096
2.10096	2.10096
2.10096	2.10096
2.10096	2.10096
2.10096	2.10096
2.10096	2.10096
2.10096	2.10096
2.10096	2.10096
2.10096	2.10096
2.10096	2.10096
2.10096	2.10096
2.10096	2.10096
2.10096	2.10096
2.10096	2.10096
2.10096	2.10096
2.10096	2.10096
2.10096	2.10096
2.10096	2.10096
2.10096	2.10096
2.10096	2.10096
2.10096	2.10096
2.10096	2.10096
2.10096	2.10096
2.10096	2.10096
2.10096	2.10096
2.10096	2.10096
2.10096	2.10096
2.10096	2.10096
2.10096	2.10096
2.10096	2.10096
2.10096	2.10096
2.10096	2.10096
2.10096	2.10096
2.10096	2.10096
2.10096	2.10096
2.10096	2.10096
2.10096	2.10096
2.10096	2.10096
2.10096	2.10096
2.10096	2.10096
2.10096	2.10096
2.10096	2.10096
2.10096	2.10096
2.10096	2.10096
2.10096	2.10096
2.10096	2.10096
2.10096	2.10096
2.10096	2.10096
2.10096	2.10096
2.10096	2.10096
2.10096	2.10096
2.10096	2.10096
2.10096	2.10096
2.10096	2.10096
2.10096	2.10096
2.10096	2.10096
2.10096	2.10096
2.10096	2.10096
2.10096	2.10096
2.10096	2.10096
2.10096	2.10096
2.10096	2.10096
2.10096	2.10096
2.10096	2.10096
2.10096	2.10096
2.10096	2.10096
2.10096	2.10096
2.10096	2.10096
2.10096	2.10096
2.10096	2.10096
2.10096	2.10096
2.10096	2.10096
2.10096	2.10096
2.10096	2.10096
2.10096	2.10096
2.10096	2.10096
2.10096	2.10096
2.10096	2.10096
2.10096	2.10096
2.10096	2.10096
2.10096	2.10096
2.10096	2.10096
2.10096	2.10096
2.10096	2.10096
2.10096	2.10096
2.10096	2.10096
2.10096	2.10096
2.10096	2.10096
2.10096	2.10096
2.10096	2.10096
2.10096	2.10096
2.10096	2.10096
2.10096	2.10096
2.10096	2.10096
2.10096	2.10096
2.10096	2.10096
2.10096	2.10096
2.10096	2.10096
2.10096	2.10096
2.10096	2.10096
2.10096	2.10096
2.10096	2.10096
2.10096	2.10096
2.10096	2.10096
2.10096	2.10096
2.10096	2.10096
2.10096	2.10096
2.10096	2.10096
2.10096	2.10096
2.10096	2.10096
2.10096	2.10096
2.10096	2.10096
2.10096	2.10096
2.10096	2.10096
2.10096	2.10096
2.10096	2.10096
2.10096	2.10096
2.10096	2.10096
2.10096	2.10096
2.10096	2.10096
2.10096	2.10096
2.10096	2.10096
2.10096	2.10096
2.10096	2.10096
2.10096	2.10096
2.10096	2.10096
2.10096	2.10096
2.10096	2.10096
2.10096	2.10096
2.10096	2.10096
2.10096	2.10096
2.10096	2.10096
2.10096	2.10096
2.10096	2.10096
2.10096	2.10096
2.10096	2.10096
2.10096	2.10096
2.10096	2.10096
2.10096	2.10096
2.10096	2.10096
2.10096	2.10096
2.10096	2.10096
2.10096	2.10096
2.10096	2.10096
2.10096	2.10096
2.10096	2.10096
2.10096	2.10096
2.10096	2.10096
2.10096	2.10096
2.10096	2.10096
2.10096	2.10096
2.10096	2.10096
2.10096	2.10096
2.10096	2.10096
2.10096	2.10096
2.10096	2.10096
