20189.8	34411
19360.8	29046.1
16361.1	25175.2
14915.8	21939.7
14915.8	19573.2
12968.7	17848.4
12806.4	16311.8
11931.6	14971
10877.9	13867.1
10098.7	12941.4
8827.39	12118.5
8931.23	11221.4
8607.02	10369.2
8309.3	9657.31
8167.49	9122.6
7761.56	8720.8
7474.67	8424.08
7247.16	8146.01
7244.84	7884.32
6856.78	7630.04
6719.14	7383.75
5907.42	7177.14
5907.42	6942.37
5842.62	6654.55
5736.57	6370.26
5612.21	6128.35
5573.41	5916.58
5540.11	5787.88
5456.03	5668.45
5432.49	5592.34
5410.44	5558.05
5345.33	5507.06
5296.72	5447.85
5226.47	5397.49
5200.87	5359.19
5173.8	5317.76
5158.18	5277.44
5143.68	5247.25
5117.94	5195.39
5102.74	5156.72
5100.48	5141.43
5021.04	5126.84
5021.04	5107.6
5021.04	5080.25
5014.75	5070.94
5014.75	5065.31
4990.26	5056.06
4965.69	5031.82
4964.42	5013.58
4959.94	5004.71
4954.9	4984.5
4948.07	4965.75
4930.33	4960.72
4926.63	4956.02
4917.87	4950.19
4896.5	4936.8
4872.97	4923.05
4871.26	4908.68
4856.03	4886.21
4854.99	4871.43
4850.17	4860.2
4709.56	4855.9
4709.56	4855.46
4709.56	4854.48
4709.56	4852.43
4709.56	4848.72
4709.56	4845.34
4709.56	4833.94
4709.56	4804.6
4700.23	4715.67
4700.23	4709.53
4692.26	4709.41
4692.26	4708.66
4692.26	4704.78
4692.26	4700.19
4692.26	4700.14
4691.22	4700.01
4691.22	4699.55
4683.67	4697.81
4683.67	4694.12
4683.67	4691.72
4681.63	4690.8
4681.63	4688.85
4674.39	4683.59
4674.39	4683.05
4674.39	4681.07
4674.39	4678.1
4674.39	4674.39
4674.39	4674.39
4674.39	4674.39
4674.39	4674.39
4668.93	4674.38
4668.93	4674.38
4668.93	4674.37
4668.93	4674.35
4668.93	4674.31
4668.93	4674.24
4668.93	4674.04
4668.93	4673.34
4668.93	4670.25
4668.93	4668.93
4633.51	4668.9
4633.51	4668.88
4633.51	4668.83
4633.51	4668.76
4633.51	4668.39
4633.51	4667.5
4633.51	4663.84
4633.51	4654.59
4633.51	4636.93
4633.51	4633.51
4633.51	4633.51
4633.51	4633.51
4633.51	4633.51
4633.51	4633.51
4633.51	4633.51
4633.51	4633.51
4633.51	4633.51
4633.51	4633.51
4633.51	4633.51
4633.51	4633.51
4633.51	4633.51
4633.51	4633.51
4633.51	4633.51
4633.51	4633.51
4633.51	4633.51
4633.51	4633.51
4633.51	4633.51
4633.51	4633.51
4633.51	4633.51
4633.51	4633.51
4633.51	4633.51
4633.51	4633.51
4633.51	4633.51
4633.51	4633.51
4633.51	4633.51
4633.51	4633.51
4633.51	4633.51
4633.51	4633.51
4633.51	4633.51
4633.51	4633.51
4633.51	4633.51
4633.51	4633.51
4633.51	4633.51
4633.51	4633.51
4633.51	4633.51
4633.51	4633.51
4633.51	4633.51
4633.51	4633.51
4633.51	4633.51
4633.51	4633.51
4633.51	4633.51
4633.51	4633.51
4633.51	4633.51
4633.51	4633.51
4633.51	4633.51
4633.51	4633.51
4633.51	4633.51
4633.51	4633.51
4633.51	4633.51
4633.51	4633.51
4633.51	4633.51
4633.51	4633.51
4633.51	4633.51
4633.51	4633.51
4633.51	4633.51
4633.51	4633.51
4633.51	4633.51
4633.51	4633.51
4633.51	4633.51
4633.51	4633.51
4633.51	4633.51
4633.51	4633.51
4633.51	4633.51
4633.51	4633.51
4633.51	4633.51
4633.51	4633.51
4633.51	4633.51
4633.51	4633.51
4633.51	4633.51
4633.51	4633.51
4633.51	4633.51
4633.51	4633.51
4633.51	4633.51
4633.51	4633.51
4633.51	4633.51
4633.51	4633.51
4633.51	4633.51
4633.51	4633.51
4633.51	4633.51
4633.51	4633.51
4633.51	4633.51
4633.51	4633.51
4633.51	4633.51
4633.51	4633.51
4633.51	4633.51
4633.51	4633.51
4633.51	4633.51
4633.51	4633.51
4633.51	4633.51
4633.51	4633.51
