19966.9	34489.1
17579.6	28962.3
16975.4	24893.9
14155.3	21674
13380.2	19160.1
12708	17278.2
11738.1	15615.8
10909.8	14220.3
10312.5	13222.5
9633.31	12334.4
9258.74	11539.1
8827.39	10840
8042.92	10228.5
7777.47	9607.17
7389.63	9024.97
7316.65	8447.73
7138.85	7948.57
6819.91	7602.25
6592.49	7340.73
6405.89	7124.08
6348.4	6920.4
5925.14	6731.14
5925.14	6530.11
5831.09	6345.81
5786.29	6191.76
5667.83	6053.04
5667.83	5909.11
5561.1	5819.39
5561.1	5759.65
5555.23	5690.4
5513.72	5652.76
5437.7	5605.3
5397.95	5556.73
5330.31	5504.31
5273.31	5452.59
5203.98	5396.7
5176.13	5327.48
5165.33	5266.99
5127.04	5222.7
5101.19	5192.88
5069.21	5159.58
5069.45	5111.91
5031	5097.46
5008.9	5078.26
4978.97	5054
4947.43	5028.74
4947.22	5005.96
4925.12	4977.25
4903.7	4951.12
4855.76	4931.94
4855.76	4919.68
4850.58	4904.99
4823.78	4896.15
4823.78	4870.13
4812.86	4851.4
4801.68	4837.32
4781.09	4819.66
4778.69	4803.13
4774.79	4795.79
4763.66	4780.82
4761.51	4778.46
4763.66	4775.09
4763.66	4773.18
4761.99	4768.83
4751.21	4763.64
4751.21	4763.49
4751.21	4762.5
4750.45	4758
4741.59	4754.23
4740.84	4751.09
4740.84	4750.23
4733.82	4745.61
4733.82	4740.47
4731.18	4736.9
4731.16	4733.8
4726.73	4733.71
4724.08	4732.97
4719.76	4730.34
4717.34	4726.14
4707.05	4723.09
4704.62	4719.5
4704.39	4718.23
4699.62	4713.78
4672.61	4705.47
4672.61	4703.68
4667.84	4700.64
4667.84	4696.98
4666.7	4686.95
4658.5	4668.7
4658.5	4667.75
4657.36	4667.19
4627.98	4665.37
4627.98	4658.8
4608.83	4656.71
4608.83	4654.37
4608.83	4644.22
4608.83	4627.75
4608.83	4609.53
4608.83	4608.83
4608.83	4608.83
4608.83	4608.83
4608.83	4608.83
4608.83	4608.83
4608.83	4608.83
4608.83	4608.83
4608.83	4608.83
4608.83	4608.83
4608.83	4608.83
4608.83	4608.83
4608.83	4608.83
4608.83	4608.83
4608.83	4608.83
4608.83	4608.83
4608.83	4608.83
4608.83	4608.83
4608.83	4608.83
4608.83	4608.83
4608.83	4608.83
4608.83	4608.83
4608.83	4608.83
4608.83	4608.83
4608.83	4608.83
4608.83	4608.83
4608.83	4608.83
4608.83	4608.83
4608.83	4608.83
4608.83	4608.83
4608.83	4608.83
4608.83	4608.83
4608.83	4608.83
4608.83	4608.83
4608.83	4608.83
4608.83	4608.83
4608.83	4608.83
4608.83	4608.83
4608.83	4608.83
4608.83	4608.83
4608.83	4608.83
4608.83	4608.83
4608.83	4608.83
4608.83	4608.83
4608.83	4608.83
4608.83	4608.83
4608.83	4608.83
4608.83	4608.83
4608.83	4608.83
4608.83	4608.83
4608.83	4608.83
4608.83	4608.83
4608.83	4608.83
4608.83	4608.83
4608.83	4608.83
4608.83	4608.83
4608.83	4608.83
4608.83	4608.83
4608.83	4608.83
4608.83	4608.83
4608.83	4608.83
4608.83	4608.83
4608.83	4608.83
4608.83	4608.83
4608.83	4608.83
4608.83	4608.83
4608.83	4608.83
4608.83	4608.83
4608.83	4608.83
4608.83	4608.83
4608.83	4608.83
4608.83	4608.83
4608.83	4608.83
4608.83	4608.83
4608.83	4608.83
4608.83	4608.83
4608.83	4608.83
4608.83	4608.83
4608.83	4608.83
4608.83	4608.83
4608.83	4608.83
4608.83	4608.83
4608.83	4608.83
4608.83	4608.83
4608.83	4608.83
4608.83	4608.83
4608.83	4608.83
4608.83	4608.83
4608.83	4608.83
4608.83	4608.83
4608.83	4608.83
4608.83	4608.83
4608.83	4608.83
4608.83	4608.83
4608.83	4608.83
4608.83	4608.83
4608.83	4608.83
4608.83	4608.83
4608.83	4608.83
4608.83	4608.83
4608.83	4608.83
4608.83	4608.83
4608.83	4608.83
4608.83	4608.83
