22524.7	34389.6
19035.1	28909.6
16406.1	25164.9
15886.9	22150.4
13546.6	19598.2
12166.8	17414.7
11861.5	15671.6
10767.5	14209.5
9910.74	13019.7
9583.43	12061.3
8753.61	11247.9
8512.65	10546.5
8072.16	9850.6
7793.02	9266
7416.02	8748.53
7120.4	8335.92
6936.99	7999.73
6856.9	7683.74
6667.53	7390.19
6433.37	7124.53
6087.95	6866.28
6065.57	6621.91
5826.66	6403.1
5812.44	6210.54
5662.19	6056
5547.74	5916.22
5546.07	5791.51
5502.34	5685.74
5444.08	5620.81
5382.69	5558.42
5347.59	5514.88
5281.13	5458.02
5223.74	5382.64
5193.13	5338.3
5176.42	5302.6
5114.8	5212.08
5100.43	5175.78
5067.18	5157.51
5032.48	5102.85
5032.48	5078.33
5020.16	5050.94
4994.63	5032.27
4994.63	5030.99
4989.87	5023.72
4973.18	5013.94
4952.14	4997.13
4940.48	4982.05
4920.34	4968.08
4915.41	4952.92
4888.48	4934.97
4883.55	4917.36
4881.71	4909.21
4881.71	4887.03
4876.7	4883.45
4876.7	4882.91
4876.7	4881.68
4874.99	4880.99
4867.38	4877.95
4867.38	4876.32
4848.94	4874.15
4848.94	4871.28
4848.94	4869.98
4840.66	4867.13
4819.44	4866.48
4819.44	4863.6
4792.72	4852.49
4783.99	4823.61
4783.99	4794.38
4783.21	4792.33
4779.28	4789.8
4779.28	4783.89
4750.27	4783.27
4750.27	4780.26
4750.27	4779.22
4750.27	4779.19
4750.27	4779.11
4750.27	4779.01
4750.27	4778.48
4740.5	4776.93
4740.5	4771.56
4740.5	4750.75
4690.1	4747.04
4690.1	4740.39
4690.1	4740.22
4690.1	4739.56
4690.1	4736.93
4690.1	4732.06
4690.1	4724.19
4690.1	4699.7
4687.45	4690.1
4687.45	4690.09
4627.98	4690
4627.98	4689.49
4627.98	4687.53
4627.98	4686.68
4627.98	4685.55
4627.98	4682.52
4627.98	4669.12
4627.98	4627.98
4627.98	4627.98
4627.98	4627.98
4624.09	4627.98
4611.18	4627.98
4611.18	4627.95
4611.18	4627.8
4611.18	4626.94
4611.18	4621.73
4611.18	4611.18
4611.18	4611.18
4611.18	4611.18
4611.18	4611.18
4611.18	4611.18
4611.18	4611.18
4611.18	4611.18
4611.18	4611.18
4611.18	4611.18
4611.18	4611.18
4611.18	4611.18
4611.18	4611.18
4611.18	4611.18
4611.18	4611.18
4611.18	4611.18
4611.18	4611.18
4611.18	4611.18
4611.18	4611.18
4611.18	4611.18
4611.18	4611.18
4611.18	4611.18
4611.18	4611.18
4611.18	4611.18
4611.18	4611.18
4611.18	4611.18
4611.18	4611.18
4611.18	4611.18
4611.18	4611.18
4611.18	4611.18
4611.18	4611.18
4611.18	4611.18
4611.18	4611.18
4611.18	4611.18
4611.18	4611.18
4608.83	4611.17
4608.83	4611.12
4608.83	4610.74
4608.83	4608.83
4608.83	4608.83
4608.83	4608.83
4608.83	4608.83
4608.83	4608.83
4608.83	4608.83
4608.83	4608.83
4608.83	4608.83
4608.83	4608.83
4608.83	4608.83
4608.83	4608.83
4608.83	4608.83
4608.83	4608.83
4608.83	4608.83
4608.83	4608.83
4608.83	4608.83
4608.83	4608.83
4608.83	4608.83
4608.83	4608.83
4608.83	4608.83
4608.83	4608.83
4608.83	4608.83
4608.83	4608.83
4608.83	4608.83
4608.83	4608.83
4608.83	4608.83
4608.83	4608.83
4608.83	4608.83
4608.83	4608.83
4608.83	4608.83
4608.83	4608.83
4608.83	4608.83
4608.83	4608.83
4608.83	4608.83
4608.83	4608.83
4608.83	4608.83
4608.83	4608.83
4608.83	4608.83
4608.83	4608.83
4608.83	4608.83
4608.83	4608.83
4608.83	4608.83
4608.83	4608.83
4608.83	4608.83
4608.83	4608.83
4608.83	4608.83
4608.83	4608.83
4608.83	4608.83
4608.83	4608.83
4608.83	4608.83
4608.83	4608.83
4608.83	4608.83
4608.83	4608.83
4608.83	4608.83
4608.83	4608.83
4608.83	4608.83
4608.83	4608.83
