4.16146
3.9984
4.2123
4.23549
4.22297
3.98724
4.06339
4.13223
4.14766
4.20345
4.22654
4.14938
4.06009
4.14766
4.1841
4.16146
3.96825
4.09165
4.28816
3.98406
4.14079
4.16667
4.18235
4.05844
4.11015
4.0016
4.16146
4.17014
4.25713
4.10509
4.06504
4.0568
4.095
4.13736
4.16667
4.11353
4.06835
4.06835
4.22476
4.17537
4.08998
4.1841
4.29923
4.1841
3.98565
4.1684
4.29185
4.10341
4.13736
4.14938
4.07664
4.2517
4.17188
4.25894
4.28816
4.12712
4.26985
4.20168
4.16146
4.0404
4.14422
4.01929
4.12201
4.1684
4.08831
4.17014
4.28816
4.07498
4.02901
4.17711
4.09836
4.20345
4.29
4.22119
4.22476
4.09836
4.16667
4.15282
4.1841
4.05515
4.14079
4.17362
4.20345
4.06504
4.06339
4.08497
4.34216
4.10846
4.08998
4.1425
4.02414
4.08664
3.98724
4.23549
4.05022
4.095
4.17362
4.08664
4.06504
4.23908
