31.9224	61.3855
34.1396	52.3628
27.2627	45.5419
25.0232	39.6608
22.1348	34.572
19.0666	30.3791
17.3223	27.0408
15.3717	24.304
13.0197	21.7327
11.0109	19.3711
10.3601	16.9947
9.54587	15.0685
8.32223	13.3687
8.29067	11.954
7.10737	10.687
6.56865	9.42689
5.58311	7.90802
5.46167	7.09432
4.79603	6.5958
4.27725	5.85979
3.91517	5.23104
3.66234	4.64844
3.02401	4.22507
2.73652	3.825
2.46702	3.39108
2.39962	2.94963
2.35446	2.63316
2.33868	2.48434
2.24469	2.40622
2.19905	2.34631
2.16361	2.26713
2.10096	2.20361
2.10096	2.18992
2.10096	2.16587
2.10096	2.15507
2.10096	2.13188
2.10096	2.11247
2.10096	2.10903
2.10096	2.10382
2.10096	2.10103
2.10096	2.10096
2.10096	2.10096
2.10096	2.10096
2.10096	2.10096
2.10096	2.10096
2.10096	2.10096
2.10096	2.10096
2.10096	2.10096
2.10096	2.10096
2.10096	2.10096
2.10096	2.10096
2.10096	2.10096
2.10096	2.10096
2.10096	2.10096
2.10096	2.10096
2.10096	2.10096
2.10096	2.10096
2.10096	2.10096
2.10096	2.10096
2.10096	2.10096
2.10096	2.10096
2.10096	2.10096
2.10096	2.10096
2.10096	2.10096
2.10096	2.10096
2.10096	2.10096
2.10096	2.10096
2.10096	2.10096
2.10096	2.10096
2.10096	2.10096
2.10096	2.10096
2.10096	2.10096
2.10096	2.10096
2.10096	2.10096
2.10096	2.10096
2.10096	2.10096
2.10096	2.10096
2.10096	2.10096
2.10096	2.10096
2.10096	2.10096
2.10096	2.10096
2.10096	2.10096
2.10096	2.10096
2.10096	2.10096
2.10096	2.10096
2.10096	2.10096
2.10096	2.10096
2.10096	2.10096
2.10096	2.10096
2.10096	2.10096
2.10096	2.10096
2.10096	2.10096
2.10096	2.10096
2.10096	2.10096
2.10096	2.10096
2.10096	2.10096
2.10096	2.10096
2.10096	2.10096
2.10096	2.10096
2.10096	2.10096
2.10096	2.10096
2.10096	2.10096
2.10096	2.10096
2.10096	2.10096
2.10096	2.10096
2.10096	2.10096
2.10096	2.10096
2.10096	2.10096
2.10096	2.10096
2.10096	2.10096
2.10096	2.10096
2.10096	2.10096
2.10096	2.10096
2.10096	2.10096
2.10096	2.10096
2.10096	2.10096
2.10096	2.10096
2.10096	2.10096
2.10096	2.10096
2.10096	2.10096
2.10096	2.10096
2.10096	2.10096
2.10096	2.10096
2.10096	2.10096
2.10096	2.10096
2.10096	2.10096
2.10096	2.10096
2.10096	2.10096
2.10096	2.10096
2.10096	2.10096
2.10096	2.10096
2.10096	2.10096
2.10096	2.10096
2.10096	2.10096
2.10096	2.10096
2.10096	2.10096
2.10096	2.10096
2.10096	2.10096
2.10096	2.10096
2.10096	2.10096
2.10096	2.10096
2.10096	2.10096
2.10096	2.10096
2.10096	2.10096
2.10096	2.10096
2.10096	2.10096
2.10096	2.10096
2.10096	2.10096
2.10096	2.10096
2.10096	2.10096
2.10096	2.10096
2.10096	2.10096
2.10096	2.10096
2.10096	2.10096
2.10096	2.10096
2.10096	2.10096
2.10096	2.10096
2.10096	2.10096
2.10096	2.10096
2.10096	2.10096
2.10096	2.10096
2.10096	2.10096
2.10096	2.10096
2.10096	2.10096
2.10096	2.10096
2.10096	2.10096
2.10096	2.10096
2.10096	2.10096
2.10096	2.10096
2.10096	2.10096
2.10096	2.10096
2.10096	2.10096
2.10096	2.10096
2.10096	2.10096
2.10096	2.10096
2.10096	2.10096
2.10096	2.10096
2.10096	2.10096
2.10096	2.10096
2.10096	2.10096
2.10096	2.10096
2.10096	2.10096
2.10096	2.10096
2.10096	2.10096
2.10096	2.10096
2.10096	2.10096
2.10096	2.10096
2.10096	2.10096
2.10096	2.10096
2.10096	2.10096
2.10096	2.10096
2.10096	2.10096
2.10096	2.10096
2.10096	2.10096
2.10096	2.10096
2.10096	2.10096
2.10096	2.10096
2.10096	2.10096
2.10096	2.10096
2.10096	2.10096
2.10096	2.10096
2.10096	2.10096
2.10096	2.10096
2.10096	2.10096
2.10096	2.10096
2.10096	2.10096
2.10096	2.10096
2.10096	2.10096
2.10096	2.10096
2.10096	2.10096
2.10096	2.10096
2.10096	2.10096
2.10096	2.10096
2.10096	2.10096
2.10096	2.10096
2.10096	2.10096
2.10096	2.10096
2.10096	2.10096
2.10096	2.10096
2.10096	2.10096
2.10096	2.10096
2.10096	2.10096
2.10096	2.10096
2.10096	2.10096
2.10096	2.10096
2.10096	2.10096
2.10096	2.10096
2.10096	2.10096
2.10096	2.10096
2.10096	2.10096
2.10096	2.10096
2.10096	2.10096
2.10096	2.10096
2.10096	2.10096
2.10096	2.10096
2.10096	2.10096
2.10096	2.10096
2.10096	2.10096
2.10096	2.10096
2.10096	2.10096
2.10096	2.10096
2.10096	2.10096
2.10096	2.10096
2.10096	2.10096
2.10096	2.10096
2.10096	2.10096
2.10096	2.10096
2.10096	2.10096
2.10096	2.10096
2.10096	2.10096
2.10096	2.10096
2.10096	2.10096
2.10096	2.10096
2.10096	2.10096
2.10096	2.10096
2.10096	2.10096
2.10096	2.10096
2.10096	2.10096
2.10096	2.10096
2.10096	2.10096
2.10096	2.10096
2.10096	2.10096
2.10096	2.10096
2.10096	2.10096
2.10096	2.10096
2.10096	2.10096
2.10096	2.10096
2.10096	2.10096
2.10096	2.10096
2.10096	2.10096
2.10096	2.10096
2.10096	2.10096
2.10096	2.10096
2.10096	2.10096
2.10096	2.10096
2.10096	2.10096
2.10096	2.10096
2.10096	2.10096
2.10096	2.10096
2.10096	2.10096
2.10096	2.10096
2.10096	2.10096
2.10096	2.10096
2.10096	2.10096
2.10096	2.10096
2.10096	2.10096
2.10096	2.10096
2.10096	2.10096
2.10096	2.10096
2.10096	2.10096
2.10096	2.10096
2.10096	2.10096
2.10096	2.10096
2.10096	2.10096
2.10096	2.10096
2.10096	2.10096
2.10096	2.10096
2.10096	2.10096
2.10096	2.10096
2.10096	2.10096
2.10096	2.10096
2.10096	2.10096
2.10096	2.10096
2.10096	2.10096
2.10096	2.10096
2.10096	2.10096
2.10096	2.10096
2.10096	2.10096
2.10096	2.10096
2.10096	2.10096
2.10096	2.10096
2.10096	2.10096
2.10096	2.10096
2.10096	2.10096
2.10096	2.10096
2.10096	2.10096
2.10096	2.10096
2.10096	2.10096
2.10096	2.10096
2.10096	2.10096
2.10096	2.10096
2.10096	2.10096
2.10096	2.10096
2.10096	2.10096
2.10096	2.10096
2.10096	2.10096
2.10096	2.10096
2.10096	2.10096
2.10096	2.10096
2.10096	2.10096
2.10096	2.10096
2.10096	2.10096
2.10096	2.10096
2.10096	2.10096
2.10096	2.10096
2.10096	2.10096
2.10096	2.10096
2.10096	2.10096
2.10096	2.10096
2.10096	2.10096
2.10096	2.10096
2.10096	2.10096
2.10096	2.10096
2.10096	2.10096
2.10096	2.10096
2.10096	2.10096
2.10096	2.10096
2.10096	2.10096
2.10096	2.10096
2.10096	2.10096
2.10096	2.10096
2.10096	2.10096
2.10096	2.10096
2.10096	2.10096
2.10096	2.10096
2.10096	2.10096
2.10096	2.10096
2.10096	2.10096
2.10096	2.10096
2.10096	2.10096
2.10096	2.10096
2.10096	2.10096
2.10096	2.10096
2.10096	2.10096
2.10096	2.10096
2.10096	2.10096
2.10096	2.10096
2.10096	2.10096
2.10096	2.10096
2.10096	2.10096
2.10096	2.10096
2.10096	2.10096
2.10096	2.10096
2.10096	2.10096
2.10096	2.10096
2.10096	2.10096
2.10096	2.10096
2.10096	2.10096
2.10096	2.10096
2.10096	2.10096
2.10096	2.10096
2.10096	2.10096
2.10096	2.10096
2.10096	2.10096
2.10096	2.10096
2.10096	2.10096
2.10096	2.10096
2.10096	2.10096
2.10096	2.10096
2.10096	2.10096
2.10096	2.10096
2.10096	2.10096
2.10096	2.10096
2.10096	2.10096
2.10096	2.10096
2.10096	2.10096
2.10096	2.10096
2.10096	2.10096
2.10096	2.10096
2.10096	2.10096
2.10096	2.10096
2.10096	2.10096
2.10096	2.10096
2.10096	2.10096
2.10096	2.10096
2.10096	2.10096
2.10096	2.10096
2.10096	2.10096
2.10096	2.10096
2.10096	2.10096
2.10096	2.10096
2.10096	2.10096
2.10096	2.10096
2.10096	2.10096
2.10096	2.10096
2.10096	2.10096
2.10096	2.10096
2.10096	2.10096
2.10096	2.10096
2.10096	2.10096
2.10096	2.10096
2.10096	2.10096
2.10096	2.10096
2.10096	2.10096
2.10096	2.10096
2.10096	2.10096
2.10096	2.10096
2.10096	2.10096
2.10096	2.10096
2.10096	2.10096
2.10096	2.10096
2.10096	2.10096
2.10096	2.10096
2.10096	2.10096
2.10096	2.10096
2.10096	2.10096
2.10096	2.10096
2.10096	2.10096
2.10096	2.10096
2.10096	2.10096
2.10096	2.10096
2.10096	2.10096
2.10096	2.10096
2.10096	2.10096
2.10096	2.10096
2.10096	2.10096
2.10096	2.10096
2.10096	2.10096
2.10096	2.10096
2.10096	2.10096
2.10096	2.10096
2.10096	2.10096
2.10096	2.10096
2.10096	2.10096
2.10096	2.10096
2.10096	2.10096
2.10096	2.10096
2.10096	2.10096
2.10096	2.10096
2.10096	2.10096
2.10096	2.10096
2.10096	2.10096
2.10096	2.10096
2.10096	2.10096
2.10096	2.10096
2.10096	2.10096
2.10096	2.10096
2.10096	2.10096
2.10096	2.10096
2.10096	2.10096
2.10096	2.10096
2.10096	2.10096
2.10096	2.10096
2.10096	2.10096
2.10096	2.10096
2.10096	2.10096
2.10096	2.10096
2.10096	2.10096
2.10096	2.10096
2.10096	2.10096
2.10096	2.10096
2.10096	2.10096
2.10096	2.10096
2.10096	2.10096
2.10096	2.10096
2.10096	2.10096
2.10096	2.10096
2.10096	2.10096
2.10096	2.10096
2.10096	2.10096
2.10096	2.10096
2.10096	2.10096
2.10096	2.10096
2.10096	2.10096
2.10096	2.10096
2.10096	2.10096
2.10096	2.10096
2.10096	2.10096
2.10096	2.10096
2.10096	2.10096
2.10096	2.10096
2.10096	2.10096
2.10096	2.10096
2.10096	2.10096
2.10096	2.10096
2.10096	2.10096
2.10096	2.10096
2.10096	2.10096
2.10096	2.10096
2.10096	2.10096
2.10096	2.10096
2.10096	2.10096
2.10096	2.10096
2.10096	2.10096
2.10096	2.10096
2.10096	2.10096
2.10096	2.10096
2.10096	2.10096
2.10096	2.10096
2.10096	2.10096
2.10096	2.10096
2.10096	2.10096
2.10096	2.10096
2.10096	2.10096
2.10096	2.10096
2.10096	2.10096
2.10096	2.10096
2.10096	2.10096
2.10096	2.10096
2.10096	2.10096
2.10096	2.10096
2.10096	2.10096
2.10096	2.10096
2.10096	2.10096
2.10096	2.10096
2.10096	2.10096
2.10096	2.10096
2.10096	2.10096
2.10096	2.10096
2.10096	2.10096
2.10096	2.10096
2.10096	2.10096
2.10096	2.10096
2.10096	2.10096
2.10096	2.10096
2.10096	2.10096
2.10096	2.10096
2.10096	2.10096
2.10096	2.10096
2.10096	2.10096
2.10096	2.10096
2.10096	2.10096
2.10096	2.10096
2.10096	2.10096
2.10096	2.10096
2.10096	2.10096
2.10096	2.10096
2.10096	2.10096
2.10096	2.10096
2.10096	2.10096
2.10096	2.10096
2.10096	2.10096
2.10096	2.10096
2.10096	2.10096
2.10096	2.10096
2.10096	2.10096
2.10096	2.10096
2.10096	2.10096
2.10096	2.10096
2.10096	2.10096
2.10096	2.10096
2.10096	2.10096
2.10096	2.10096
2.10096	2.10096
2.10096	2.10096
2.10096	2.10096
2.10096	2.10096
2.10096	2.10096
2.10096	2.10096
2.10096	2.10096
2.10096	2.10096
2.10096	2.10096
2.10096	2.10096
2.10096	2.10096
2.10096	2.10096
2.10096	2.10096
2.10096	2.10096
2.10096	2.10096
2.10096	2.10096
2.10096	2.10096
2.10096	2.10096
2.10096	2.10096
2.10096	2.10096
2.10096	2.10096
2.10096	2.10096
2.10096	2.10096
2.10096	2.10096
2.10096	2.10096
2.10096	2.10096
2.10096	2.10096
2.10096	2.10096
