35.0308	61.2081
31.612	52.0132
30.9845	45.6904
24.6517	40.8107
23.488	36.3599
20.1817	32.5372
17.9333	29.3845
16.6057	26.4916
13.6099	23.8261
11.3493	20.9841
8.44594	18.2122
8.67837	15.1508
7.45901	12.1887
6.8091	10.2738
6.73931	9.06469
6.008	8.16492
5.73384	7.43458
5.15701	6.83106
4.44957	6.16842
4.30955	5.59711
3.85884	5.05438
3.07722	4.58178
3.07722	4.18439
2.98502	3.81644
2.68416	3.48079
2.54798	3.17995
2.40223	2.95365
2.3276	2.69673
2.15789	2.5414
2.13883	2.3435
2.13004	2.19409
2.13004	2.15732
2.12071	2.14366
2.10815	2.13233
2.10815	2.12594
2.10605	2.11167
2.10096	2.10814
2.10096	2.10805
2.10096	2.10723
2.10096	2.10235
2.10096	2.10096
2.10096	2.10096
2.10096	2.10096
2.10096	2.10096
2.10096	2.10096
2.10096	2.10096
2.10096	2.10096
2.10096	2.10096
2.10096	2.10096
2.10096	2.10096
2.10096	2.10096
2.10096	2.10096
2.10096	2.10096
2.10096	2.10096
2.10096	2.10096
2.10096	2.10096
2.10096	2.10096
2.10096	2.10096
2.10096	2.10096
2.10096	2.10096
2.10096	2.10096
2.10096	2.10096
2.10096	2.10096
2.10096	2.10096
2.10096	2.10096
2.10096	2.10096
2.10096	2.10096
2.10096	2.10096
2.10096	2.10096
2.10096	2.10096
2.10096	2.10096
2.10096	2.10096
2.10096	2.10096
2.10096	2.10096
2.10096	2.10096
2.10096	2.10096
2.10096	2.10096
2.10096	2.10096
2.10096	2.10096
2.10096	2.10096
2.10096	2.10096
2.10096	2.10096
2.10096	2.10096
2.10096	2.10096
2.10096	2.10096
2.10096	2.10096
2.10096	2.10096
2.10096	2.10096
2.10096	2.10096
2.10096	2.10096
2.10096	2.10096
2.10096	2.10096
2.10096	2.10096
2.10096	2.10096
2.10096	2.10096
2.10096	2.10096
2.10096	2.10096
2.10096	2.10096
2.10096	2.10096
2.10096	2.10096
2.10096	2.10096
2.10096	2.10096
2.10096	2.10096
2.10096	2.10096
2.10096	2.10096
2.10096	2.10096
2.10096	2.10096
2.10096	2.10096
2.10096	2.10096
2.10096	2.10096
2.10096	2.10096
2.10096	2.10096
2.10096	2.10096
2.10096	2.10096
2.10096	2.10096
2.10096	2.10096
2.10096	2.10096
2.10096	2.10096
2.10096	2.10096
2.10096	2.10096
2.10096	2.10096
2.10096	2.10096
2.10096	2.10096
2.10096	2.10096
2.10096	2.10096
2.10096	2.10096
2.10096	2.10096
2.10096	2.10096
2.10096	2.10096
2.10096	2.10096
2.10096	2.10096
2.10096	2.10096
2.10096	2.10096
2.10096	2.10096
2.10096	2.10096
2.10096	2.10096
2.10096	2.10096
2.10096	2.10096
2.10096	2.10096
2.10096	2.10096
2.10096	2.10096
2.10096	2.10096
2.10096	2.10096
2.10096	2.10096
2.10096	2.10096
2.10096	2.10096
2.10096	2.10096
2.10096	2.10096
2.10096	2.10096
2.10096	2.10096
2.10096	2.10096
2.10096	2.10096
2.10096	2.10096
2.10096	2.10096
2.10096	2.10096
2.10096	2.10096
2.10096	2.10096
2.10096	2.10096
2.10096	2.10096
2.10096	2.10096
2.10096	2.10096
2.10096	2.10096
2.10096	2.10096
2.10096	2.10096
2.10096	2.10096
2.10096	2.10096
2.10096	2.10096
2.10096	2.10096
2.10096	2.10096
2.10096	2.10096
2.10096	2.10096
2.10096	2.10096
2.10096	2.10096
2.10096	2.10096
2.10096	2.10096
2.10096	2.10096
2.10096	2.10096
2.10096	2.10096
2.10096	2.10096
2.10096	2.10096
2.10096	2.10096
2.10096	2.10096
2.10096	2.10096
2.10096	2.10096
2.10096	2.10096
2.10096	2.10096
2.10096	2.10096
2.10096	2.10096
2.10096	2.10096
2.10096	2.10096
2.10096	2.10096
2.10096	2.10096
2.10096	2.10096
2.10096	2.10096
2.10096	2.10096
2.10096	2.10096
2.10096	2.10096
2.10096	2.10096
2.10096	2.10096
2.10096	2.10096
2.10096	2.10096
