20189.8	34411
19360.8	29046.1
16361.1	25175.2
14915.8	21939.7
14915.8	19573.2
12968.7	17848.4
12806.4	16311.8
11931.6	14971
10877.9	13867.1
10098.7	12941.4
8827.39	12118.5
8931.23	11223.1
8503.45	10371
7939.71	9624.71
7508.88	9062.79
7490.32	8637.95
7403.42	8262.53
6848.17	7875.44
6828.75	7570.39
6732.62	7346.91
6592.63	7129.13
6017.51	6924.98
6017.51	6774.53
5788.15	6655.14
5788.15	6541.17
5783.08	6412.56
5699.61	6182.33
5651.39	5933.61
5619.63	5780.02
5532.04	5709.61
5526.41	5654.21
5462.07	5623.23
5397.69	5566.07
5325.56	5503.46
5294.04	5450.51
5228.68	5372.39
5189.34	5305.94
5162.81	5284.11
5127.03	5230.62
5106.09	5209.96
5051.99	5178.17
4992.34	5121.27
4992.34	5093.53
4992.34	5082.38
4991.47	5057.21
4991.47	5051.02
4983.4	5047.13
4962.08	5030.59
4951.94	4997.27
4939.23	4982.39
4934.94	4964.67
4829.55	4952.8
4829.55	4942.47
4829.55	4938.71
4829.55	4935.82
4829.55	4923.68
4829.55	4906.43
4829.55	4892.82
4829.55	4889.42
4829.55	4884.52
4819.62	4875.77
4765.12	4858.88
4765.12	4829.42
4765.12	4828.75
4765.12	4824.35
4765.12	4810.58
4732.73	4792.08
4732.73	4771.51
4691.47	4763.86
4691.47	4758.38
4691.47	4738.66
4660.58	4705.85
4660.58	4691.28
4660.58	4690.52
4660.58	4685.94
4660.58	4667.35
4660.58	4660.58
4660.58	4660.58
4660.58	4660.58
4660.58	4660.58
4636.01	4660.57
4660.58	4660.58
4654.75	4660.58
4654.75	4660.57
4654.75	4660.5
4654.75	4660.11
4654.75	4658.11
4650.39	4654.74
4650.39	4654.72
4649.63	4654.53
4649.63	4653.26
4649.63	4650.16
4649.63	4649.63
4649.63	4649.63
4649.63	4649.63
4649.63	4649.63
4649.63	4649.63
4649.63	4649.63
4649.63	4649.63
4649.63	4649.63
4649.63	4649.63
4649.63	4649.63
4649.63	4649.63
4649.63	4649.63
4649.63	4649.63
4649.63	4649.63
4649.63	4649.63
4649.63	4649.63
4649.63	4649.63
4649.63	4649.63
4649.63	4649.63
4608.83	4649.51
4608.83	4648.66
4608.83	4642.28
4608.83	4609.31
4608.83	4608.83
4608.83	4608.83
4608.83	4608.83
4608.83	4608.83
4608.83	4608.83
4608.83	4608.83
4608.83	4608.83
4608.83	4608.83
4608.83	4608.83
4608.83	4608.83
4608.83	4608.83
4608.83	4608.83
4608.83	4608.83
4608.83	4608.83
4608.83	4608.83
4608.83	4608.83
4608.83	4608.83
4608.83	4608.83
4608.83	4608.83
4608.83	4608.83
4608.83	4608.83
4608.83	4608.83
4608.83	4608.83
4608.83	4608.83
4608.83	4608.83
4608.83	4608.83
4608.83	4608.83
4608.83	4608.83
4608.83	4608.83
4608.83	4608.83
4608.83	4608.83
4608.83	4608.83
4608.83	4608.83
4608.83	4608.83
4608.83	4608.83
4608.83	4608.83
4608.83	4608.83
4608.83	4608.83
4608.83	4608.83
4608.83	4608.83
4608.83	4608.83
4608.83	4608.83
4608.83	4608.83
4608.83	4608.83
4608.83	4608.83
4608.83	4608.83
4608.83	4608.83
4608.83	4608.83
4608.83	4608.83
4608.83	4608.83
4608.83	4608.83
4608.83	4608.83
4608.83	4608.83
4608.83	4608.83
4608.83	4608.83
4608.83	4608.83
4608.83	4608.83
4608.83	4608.83
4608.83	4608.83
4608.83	4608.83
4608.83	4608.83
4608.83	4608.83
4608.83	4608.83
4608.83	4608.83
4608.83	4608.83
4608.83	4608.83
4608.83	4608.83
4608.83	4608.83
4608.83	4608.83
4608.83	4608.83
4608.83	4608.83
4608.83	4608.83
4608.83	4608.83
4608.83	4608.83
4608.83	4608.83
4608.83	4608.83
4608.83	4608.83
4608.83	4608.83
4608.83	4608.83
4608.83	4608.83
4608.83	4608.83
4608.83	4608.83
4608.83	4608.83
4608.83	4608.83
4608.83	4608.83
4608.83	4608.83
