22822	34327
20879	28951.1
18618.1	25284.3
16963.3	22609.4
15359.9	20509.6
13955.8	18674.2
12731.7	17171.3
12647.7	15947
11128.5	14810.2
10448.8	13610.5
9356.72	12455
9129.97	11329.5
8528.15	10464.2
8295.45	9845.99
8054.66	9308.77
7657.22	8833.35
7337.31	8431.72
7004.7	8102.94
6857.04	7770.88
6680.12	7410.41
6412.69	7109.38
6370.08	6898.97
6219.84	6709.41
6103.08	6538.2
5933.71	6395.6
5803.63	6266.31
5662	6139.73
5597.75	6001.19
5493.92	5848.88
5408.79	5707.25
5343.56	5582.58
5285.43	5487.17
5190.83	5400.65
5067.12	5340.47
5078.86	5280.2
5004.65	5196.06
5004.65	5105.86
4950.81	5056.15
4930.49	5020.1
4930.49	5000.39
4920.09	4979.91
4905.73	4945.26
4899	4929.05
4888.56	4918.85
4881.19	4904.32
4867.56	4896.89
4860.19	4884.47
4860.19	4874.29
4856.96	4865.83
4849.88	4860.28
4849.88	4860.13
4810.31	4859.75
4807.08	4857.87
4807.08	4850.83
4789.31	4843.39
4789.31	4823.91
4786.08	4806.84
4786.08	4805.06
4778.71	4796.05
4765.12	4787.62
4765.12	4785.22
4757.74	4780.93
4757.74	4777.66
4757.74	4771.99
4757.74	4757.74
4757.74	4757.74
4747.67	4757.74
4747.67	4757.73
4747.67	4757.68
4747.67	4757.41
4747.67	4756.01
4703.1	4749.17
4701.64	4746.88
4701.64	4742.03
4701.64	4715.65
4701.64	4702.86
4701.64	4701.92
4701.64	4701.64
4701.64	4701.64
4701.64	4701.64
4694.48	4701.64
4636.01	4701.52
4636.01	4700.73
4636.01	4695.6
4636.01	4670.09
4636.01	4639.94
4636.01	4636.01
4636.01	4636.01
4615.42	4636
4615.42	4635.93
4615.42	4635.36
4615.42	4631.03
4615.42	4615.42
4615.42	4615.42
4615.42	4615.42
4615.42	4615.42
4615.42	4615.42
4615.42	4615.42
4615.42	4615.42
4615.42	4615.42
4615.42	4615.42
4615.42	4615.42
4615.42	4615.42
4615.42	4615.42
4615.42	4615.42
4615.42	4615.42
4615.42	4615.42
4615.42	4615.42
4615.42	4615.42
4615.42	4615.42
4615.42	4615.42
4615.42	4615.42
4615.42	4615.42
4615.42	4615.42
4615.42	4615.42
4615.42	4615.42
4615.42	4615.42
4615.42	4615.42
4615.42	4615.42
4615.42	4615.42
4615.42	4615.42
4608.83	4615.4
4608.83	4615.29
4608.83	4614.74
4608.83	4611.79
4608.83	4608.83
4608.83	4608.83
4608.83	4608.83
4608.83	4608.83
4608.83	4608.83
4608.83	4608.83
4608.83	4608.83
4608.83	4608.83
4608.83	4608.83
4608.83	4608.83
4608.83	4608.83
4608.83	4608.83
4608.83	4608.83
4608.83	4608.83
4608.83	4608.83
4608.83	4608.83
4608.83	4608.83
4608.83	4608.83
4608.83	4608.83
4608.83	4608.83
4608.83	4608.83
4608.83	4608.83
4608.83	4608.83
4608.83	4608.83
4608.83	4608.83
4608.83	4608.83
4608.83	4608.83
4608.83	4608.83
4608.83	4608.83
4608.83	4608.83
4608.83	4608.83
4608.83	4608.83
4608.83	4608.83
4608.83	4608.83
4608.83	4608.83
4608.83	4608.83
4608.83	4608.83
4608.83	4608.83
4608.83	4608.83
4608.83	4608.83
4608.83	4608.83
4608.83	4608.83
4608.83	4608.83
4608.83	4608.83
4608.83	4608.83
4608.83	4608.83
4608.83	4608.83
4608.83	4608.83
4608.83	4608.83
4608.83	4608.83
4608.83	4608.83
4608.83	4608.83
4608.83	4608.83
4608.83	4608.83
4608.83	4608.83
4608.83	4608.83
4608.83	4608.83
4608.83	4608.83
4608.83	4608.83
4608.83	4608.83
4608.83	4608.83
4608.83	4608.83
4608.83	4608.83
4608.83	4608.83
4608.83	4608.83
4608.83	4608.83
4608.83	4608.83
4608.83	4608.83
4608.83	4608.83
4608.83	4608.83
4608.83	4608.83
4608.83	4608.83
4608.83	4608.83
4608.83	4608.83
4608.83	4608.83
4608.83	4608.83
