19410.8	34387.5
18345.7	28839.6
16884.3	24511.6
15359.1	21245.1
13190.1	18826
12783.9	16900.8
12032.7	15376.8
11386.3	14156.7
10502.3	13136.5
9758.99	12312.5
9218.87	11505.2
8595.55	10702.1
8377.03	10010.5
7892.66	9372.29
7236.34	8829.92
7236.34	8400.8
7001.06	8036.95
6769.11	7728.79
6666.62	7454.3
6372.7	7207.27
6324.46	6980.53
5973.13	6780.41
5955.85	6608.39
5777.6	6442.99
5686.88	6276.31
5668.73	6096.74
5619.87	5918.35
5499.41	5776.44
5403.26	5666.23
5403.26	5573.73
5372.71	5506.15
5346.78	5463.47
5240.79	5414.74
5121.05	5366.16
5093.67	5310.26
5070.26	5230.49
5027.15	5150.89
5025.72	5097.51
4960.89	5071.31
4960.89	5038.43
4951.09	5010.23
4930.01	4987.93
4920	4968.36
4905.56	4955.38
4899.91	4941.7
4897.01	4917.85
4889.03	4911.89
4887.59	4905.5
4873.42	4900.73
4857.51	4894.6
4826.25	4886.57
4849.8	4878.7
4843.21	4867.61
4841.54	4856.38
4841.54	4852.32
4789.31	4847.09
4832.61	4841.61
4823.32	4837.74
4815.74	4834.27
4815.74	4832.37
4815.74	4831.11
4782.49	4824.26
4782.49	4815.52
4782.49	4814.54
4782.49	4809.19
4782.49	4785.35
4745.94	4782.47
4745.94	4782.32
4745.94	4781.17
4745.94	4774.63
4730.73	4751.95
4676.37	4745.87
4676.37	4745.66
4676.37	4744.62
4676.37	4740.14
4668.98	4728.6
4656.84	4711.83
4656.84	4684.23
4656.84	4674.46
4656.84	4665.01
4656.84	4656.84
4656.84	4656.84
4656.84	4656.84
4656.84	4656.84
4656.84	4656.84
4656.84	4656.84
4656.84	4656.84
4656.84	4656.84
4656.84	4656.84
4656.84	4656.84
4656.84	4656.84
4615.42	4656.81
4615.42	4656.75
4615.42	4656.44
4615.42	4655.1
4615.42	4648.48
4615.42	4618.17
4615.42	4615.42
4615.42	4615.42
4615.42	4615.42
4615.42	4615.42
4615.42	4615.42
4615.42	4615.42
4615.42	4615.42
4615.42	4615.42
4615.42	4615.42
4615.42	4615.42
4615.42	4615.42
4615.42	4615.42
4615.42	4615.42
4615.42	4615.42
4608.83	4615.41
4608.83	4615.37
4608.83	4615.16
4608.83	4613.95
4608.83	4608.83
4608.83	4608.83
4608.83	4608.83
4608.83	4608.83
4608.83	4608.83
4608.83	4608.83
4608.83	4608.83
4608.83	4608.83
4608.83	4608.83
4608.83	4608.83
4608.83	4608.83
4608.83	4608.83
4608.83	4608.83
4608.83	4608.83
4608.83	4608.83
4608.83	4608.83
4608.83	4608.83
4608.83	4608.83
4608.83	4608.83
4608.83	4608.83
4608.83	4608.83
4608.83	4608.83
4608.83	4608.83
4608.83	4608.83
4608.83	4608.83
4608.83	4608.83
4608.83	4608.83
4608.83	4608.83
4608.83	4608.83
4608.83	4608.83
4608.83	4608.83
4608.83	4608.83
4608.83	4608.83
4608.83	4608.83
4608.83	4608.83
4608.83	4608.83
4608.83	4608.83
4608.83	4608.83
4608.83	4608.83
4608.83	4608.83
4608.83	4608.83
4608.83	4608.83
4608.83	4608.83
4608.83	4608.83
4608.83	4608.83
4608.83	4608.83
4608.83	4608.83
4608.83	4608.83
4608.83	4608.83
4608.83	4608.83
4608.83	4608.83
4608.83	4608.83
4608.83	4608.83
4608.83	4608.83
4608.83	4608.83
4608.83	4608.83
4608.83	4608.83
4608.83	4608.83
4608.83	4608.83
4608.83	4608.83
4608.83	4608.83
4608.83	4608.83
4608.83	4608.83
4608.83	4608.83
4608.83	4608.83
4608.83	4608.83
4608.83	4608.83
4608.83	4608.83
4608.83	4608.83
4608.83	4608.83
4608.83	4608.83
4608.83	4608.83
4608.83	4608.83
4608.83	4608.83
4608.83	4608.83
4608.83	4608.83
4608.83	4608.83
4608.83	4608.83
4608.83	4608.83
4608.83	4608.83
4608.83	4608.83
4608.83	4608.83
4608.83	4608.83
4608.83	4608.83
4608.83	4608.83
4608.83	4608.83
