20189.8	34411
19360.8	29046.1
16361.1	25175.2
14915.8	21939.7
14915.8	19573.2
12968.7	17848.4
12806.4	16311.8
11931.6	14971
10877.9	13867.1
10098.7	12941.4
8827.39	12118.5
8931.23	11221.4
8607.02	10369.2
8309.3	9657.31
8167.49	9122.6
7761.56	8720.8
7474.67	8424.08
7247.16	8146.01
7244.84	7884.32
6856.78	7630.04
6719.14	7383.75
6359.44	7178.43
6266.4	6953.67
5982.6	6687.68
5801.65	6420.02
5729.64	6179.01
5537.58	5981.19
5502.72	5808.3
5434.89	5667.63
5396	5557.35
5341.7	5500.96
5300	5451.58
5291.03	5400.27
5265.13	5345.08
5256.8	5308.81
5221.65	5292.39
5195.51	5267.05
5161.67	5238.89
5137.17	5215.21
5117.16	5190.08
5066.35	5163.3
4908.48	5135.45
4908.48	5102.22
4908.48	5069.64
4908.48	5052.57
4908.48	5035.94
4908.48	5012.41
4908.48	4976.65
4908.48	4955.03
4908.48	4936.74
4896.16	4909.61
4803.11	4908.13
4802.92	4906.21
4802.92	4895.8
4794.38	4852.29
4787.47	4807.29
4779.69	4802.59
4774.64	4800.28
4766.38	4792.73
4766.38	4786.09
4766.38	4777.38
4765.49	4772.56
4757.65	4766.37
4718.44	4766.31
4718.44	4765.75
4709.71	4761.4
4704.66	4739.48
4704.66	4715.02
4696.19	4709.53
4696.19	4708.31
4691.14	4704.47
4668.06	4703.37
4668.06	4697.32
4668.06	4685.38
4668.06	4668.06
4668.06	4668.06
4668.06	4668.06
4668.06	4668.06
4668.06	4668.06
4662.73	4668.06
4662.73	4668.05
4662.73	4668
4662.73	4667.66
4662.73	4665.63
4662.73	4662.73
4662.73	4662.73
4662.73	4662.73
4662.73	4662.73
4662.73	4662.73
4662.73	4662.73
4662.73	4662.73
4662.73	4662.73
4662.73	4662.73
4662.73	4662.73
4662.73	4662.73
4662.73	4662.73
4662.73	4662.73
4662.73	4662.73
4662.73	4662.73
4662.73	4662.73
4662.73	4662.73
4662.73	4662.73
4662.73	4662.73
4662.73	4662.73
4662.73	4662.73
4662.73	4662.73
4662.73	4662.73
4662.73	4662.73
4662.73	4662.73
4662.73	4662.73
4662.73	4662.73
4629.41	4662.68
4629.41	4662.41
4620.04	4660.68
4620.04	4649.42
4620.04	4629.06
4618.2	4626.78
4608.83	4620.02
4608.83	4619.82
4608.83	4618.18
4608.83	4609.3
4608.83	4608.83
4608.83	4608.83
4608.83	4608.83
4608.83	4608.83
4608.83	4608.83
4608.83	4608.83
4608.83	4608.83
4608.83	4608.83
4608.83	4608.83
4608.83	4608.83
4608.83	4608.83
4608.83	4608.83
4608.83	4608.83
4608.83	4608.83
4608.83	4608.83
4608.83	4608.83
4608.83	4608.83
4608.83	4608.83
4608.83	4608.83
4608.83	4608.83
4608.83	4608.83
4608.83	4608.83
4608.83	4608.83
4608.83	4608.83
4608.83	4608.83
4608.83	4608.83
4608.83	4608.83
4608.83	4608.83
4608.83	4608.83
4608.83	4608.83
4608.83	4608.83
4608.83	4608.83
4608.83	4608.83
4608.83	4608.83
4608.83	4608.83
4608.83	4608.83
4608.83	4608.83
4608.83	4608.83
4608.83	4608.83
4608.83	4608.83
4608.83	4608.83
4608.83	4608.83
4608.83	4608.83
4608.83	4608.83
4608.83	4608.83
4608.83	4608.83
4608.83	4608.83
4608.83	4608.83
4608.83	4608.83
4608.83	4608.83
4608.83	4608.83
4608.83	4608.83
4608.83	4608.83
4608.83	4608.83
4608.83	4608.83
4608.83	4608.83
4608.83	4608.83
4608.83	4608.83
4608.83	4608.83
4608.83	4608.83
4608.83	4608.83
4608.83	4608.83
4608.83	4608.83
4608.83	4608.83
4608.83	4608.83
4608.83	4608.83
4608.83	4608.83
4608.83	4608.83
4608.83	4608.83
4608.83	4608.83
4608.83	4608.83
4608.83	4608.83
4608.83	4608.83
4608.83	4608.83
4608.83	4608.83
4608.83	4608.83
4608.83	4608.83
4608.83	4608.83
4608.83	4608.83
4608.83	4608.83
