22306.3	34609.4
20897.4	29255.9
17301.7	25656.8
15598.5	22868.5
14442.3	20517.7
11803.5	18347.3
11560	16522.6
10632.7	14810.9
9886.56	13073.6
9449.57	11856.8
8911.49	11116
8827.39	10491.4
8406.06	9965.67
8184.28	9542.05
7877.97	9166.26
7731.45	8823.8
7403.41	8511.84
7179.33	8199
6778.9	7886.63
6718.6	7573.17
6487.5	7327.5
5906.89	7105.41
5906.89	6884.88
5628.66	6680.69
5628.66	6468.19
5628.66	6197.92
5550.32	5938.81
5452.82	5824.08
5395.8	5696.74
5276.45	5568.65
5276.45	5444.52
5220.07	5380.83
5219.32	5330.47
5169.99	5275.04
5135.71	5218.53
5054.21	5186.12
5039.5	5153.9
4978.46	5109.8
4928.72	5060.27
4885.07	5010.48
4865.51	4965.35
4855.76	4935.56
4840.28	4885.69
4824.15	4864.16
4815.72	4849.83
4810.34	4838.61
4799.92	4830.32
4799.87	4822.61
4795.12	4815.27
4774.68	4800.76
4774.68	4799.55
4768.88	4797.31
4766.53	4793.85
4766.53	4790.13
4755.12	4776.08
4755.12	4767.99
4754.02	4766.19
4749.08	4763.8
4749.01	4758.16
4748.84	4753.45
4737.05	4749.69
4737.05	4748.98
4737.05	4748.67
4737.05	4746.7
4726.45	4739.85
4726.45	4737
4726.45	4736.75
4723.83	4734.96
4723.83	4727.99
4723.83	4726.21
4723.83	4724.97
4683.99	4723.79
4696.47	4723.65
4696.47	4722.84
4696.47	4719.02
4683.99	4702.79
4683.99	4696.15
4683.99	4694.69
4683.99	4686.81
4683.99	4683.99
4683.99	4683.99
4641.94	4683.87
4641.94	4683.33
4641.94	4679.97
4641.94	4661.71
4641.94	4642.72
4634.77	4641.93
4634.77	4641.9
4630.73	4641.68
4630.73	4639.76
4630.73	4634.19
4630.73	4631.34
4630.73	4630.73
4630.73	4630.73
4630.73	4630.73
4630.73	4630.73
4630.73	4630.73
4630.73	4630.73
4630.73	4630.73
4630.73	4630.73
4630.73	4630.73
4630.73	4630.73
4630.73	4630.73
4630.73	4630.73
4630.73	4630.73
4630.73	4630.73
4630.73	4630.73
4630.73	4630.73
4630.73	4630.73
4630.73	4630.73
4630.73	4630.73
4618.2	4630.71
4618.2	4630.62
4618.2	4630.1
4618.2	4627.36
4618.2	4618.2
4618.2	4618.2
4618.2	4618.2
4618.2	4618.2
4618.2	4618.2
4618.2	4618.2
4617.12	4618.2
4617.12	4618.2
4617.12	4618.2
4617.12	4618.2
4617.12	4618.19
4617.12	4618.17
4617.12	4618.1
4617.12	4617.84
4617.12	4617.12
4617.12	4617.12
4617.12	4617.12
4617.12	4617.12
4617.12	4617.12
4617.12	4617.12
4617.12	4617.12
4617.12	4617.12
4617.12	4617.12
4617.12	4617.12
4617.12	4617.12
4617.12	4617.12
4617.12	4617.12
4617.12	4617.12
4617.12	4617.12
4617.12	4617.12
4617.12	4617.12
4617.12	4617.12
4617.12	4617.12
4617.12	4617.12
4617.12	4617.12
4617.12	4617.12
4617.12	4617.12
4617.12	4617.12
4617.12	4617.12
4617.12	4617.12
4617.12	4617.12
4617.12	4617.12
4617.12	4617.12
4617.12	4617.12
4617.12	4617.12
4617.12	4617.12
4617.12	4617.12
4617.12	4617.12
4617.12	4617.12
4617.12	4617.12
4617.12	4617.12
4617.12	4617.12
4617.12	4617.12
4617.12	4617.12
4617.12	4617.12
4617.12	4617.12
4617.12	4617.12
4617.12	4617.12
4617.12	4617.12
4617.12	4617.12
4617.12	4617.12
4617.12	4617.12
4617.12	4617.12
4617.12	4617.12
4617.12	4617.12
4617.12	4617.12
4617.12	4617.12
4617.12	4617.12
4617.12	4617.12
4617.12	4617.12
4617.12	4617.12
4617.12	4617.12
4617.12	4617.12
4617.12	4617.12
4617.12	4617.12
4617.12	4617.12
4617.12	4617.12
4617.12	4617.12
4617.12	4617.12
4617.12	4617.12
4617.12	4617.12
4617.12	4617.12
4617.12	4617.12
4617.12	4617.12
4617.12	4617.12
4617.12	4617.12
