7.36095	11.1309
6.58924	9.53538
5.6762	8.45794
5.22612	7.58355
4.64364	6.81932
4.39035	6.14735
3.86022	5.5649
3.53159	5.06499
3.42024	4.60097
2.79404	4.17571
2.74686	3.79874
2.63342	3.50667
2.40313	3.24871
2.13539	2.99072
2.08669	2.73547
2.0698	2.50336
1.93222	2.33019
1.83885	2.18681
1.74943	2.06425
1.59175	1.92731
1.59175	1.83261
1.54296	1.76397
1.3028	1.68727
1.3028	1.61091
1.29544	1.53859
1.28391	1.47658
1.21676	1.37746
1.21676	1.29891
1.21676	1.28483
1.18547	1.27139
1.1699	1.2421
1.1194	1.21047
1.1194	1.18457
1.1194	1.17896
1.10736	1.15675
1.10552	1.13859
1.08691	1.12537
1.08691	1.10744
1.08691	1.10591
1.08691	1.09954
1.08645	1.08736
1.08645	1.08691
1.08645	1.0869
1.08645	1.08685
1.08645	1.08656
1.08645	1.08645
1.08645	1.08645
1.08645	1.08645
1.08645	1.08645
1.08645	1.08645
1.08645	1.08645
1.08645	1.08645
1.08645	1.08645
1.08645	1.08645
1.08645	1.08645
1.08645	1.08645
1.08645	1.08645
1.08645	1.08645
1.08645	1.08645
1.08645	1.08645
1.08645	1.08645
1.01988	1.08639
1.01988	1.08627
1.01988	1.08599
1.01988	1.08526
1.01988	1.08227
1.01988	1.06948
1.01988	1.03991
1.01988	1.01988
1.01988	1.01988
1.01988	1.01988
1.01988	1.01988
1.01988	1.01988
1.01988	1.01988
1.01988	1.01988
1.01988	1.01988
1.01988	1.01988
1.01988	1.01988
1.01988	1.01988
1.01988	1.01988
1.01988	1.01988
1.01988	1.01988
1.01988	1.01988
1.01988	1.01988
1.01988	1.01988
1.01988	1.01988
1.01988	1.01988
1.01988	1.01988
1.01988	1.01988
1.01988	1.01988
1.01988	1.01988
1.01988	1.01988
1.01988	1.01988
1.01988	1.01988
1.01988	1.01988
1.01988	1.01988
1.01988	1.01988
1.01988	1.01988
1.01988	1.01988
1.01988	1.01988
1.01988	1.01988
1.01988	1.01988
1.01988	1.01988
1.01988	1.01988
1.01988	1.01988
1.01988	1.01988
1.01988	1.01988
1.01988	1.01988
1.01988	1.01988
1.01988	1.01988
1.01988	1.01988
1.01988	1.01988
1.01988	1.01988
1.01988	1.01988
1.01988	1.01988
1.01988	1.01988
1.01988	1.01988
1.01988	1.01988
1.01988	1.01988
1.01988	1.01988
1.01988	1.01988
1.01988	1.01988
1.01988	1.01988
1.01988	1.01988
1.01988	1.01988
1.01988	1.01988
1.01988	1.01988
1.01988	1.01988
1.01988	1.01988
1.01988	1.01988
1.01988	1.01988
1.01988	1.01988
1.01988	1.01988
1.01988	1.01988
1.01988	1.01988
1.01988	1.01988
1.01988	1.01988
1.01988	1.01988
1.01988	1.01988
1.01988	1.01988
1.01988	1.01988
1.01988	1.01988
1.01988	1.01988
1.01988	1.01988
1.01988	1.01988
1.01988	1.01988
1.01988	1.01988
1.01988	1.01988
1.01988	1.01988
1.01988	1.01988
1.01988	1.01988
1.01988	1.01988
1.01988	1.01988
1.01988	1.01988
1.01988	1.01988
1.01988	1.01988
1.01988	1.01988
1.01988	1.01988
1.01988	1.01988
1.01988	1.01988
1.01988	1.01988
1.01988	1.01988
1.01988	1.01988
1.01988	1.01988
1.01988	1.01988
1.01988	1.01988
1.01988	1.01988
1.01988	1.01988
1.01988	1.01988
1.01988	1.01988
1.01988	1.01988
1.01988	1.01988
1.01988	1.01988
1.01988	1.01988
1.01988	1.01988
1.01988	1.01988
1.01988	1.01988
1.01988	1.01988
1.01988	1.01988
1.01988	1.01988
1.01988	1.01988
1.01754	1.01988
1.01754	1.01984
1.01754	1.01963
1.01754	1.01842
1.01754	1.01754
1.01754	1.01754
1.01754	1.01754
1.01754	1.01754
1.01754	1.01754
1.01754	1.01754
1.01754	1.01754
1.01754	1.01754
1.01754	1.01754
1.01754	1.01754
1.01754	1.01754
1.01754	1.01754
1.01754	1.01754
1.01754	1.01754
1.01754	1.01754
1.01754	1.01754
1.01754	1.01754
1.01754	1.01754
1.01754	1.01754
1.01754	1.01754
1.01754	1.01754
1.01754	1.01754
1.01754	1.01754
1.01754	1.01754
1.01754	1.01754
1.01754	1.01754
1.01754	1.01754
1.01754	1.01754
1.01754	1.01754
1.01754	1.01754
1.01754	1.01754
1.01754	1.01754
1.01754	1.01754
1.01754	1.01754
1.01754	1.01754
1.01754	1.01754
1.01754	1.01754
1.01754	1.01754
1.01754	1.01754
1.01754	1.01754
1.01754	1.01754
1.01754	1.01754
1.01754	1.01754
1.01754	1.01754
1.01754	1.01754
1.01754	1.01754
1.01754	1.01754
1.01754	1.01754
1.01754	1.01754
1.01754	1.01754
1.01754	1.01754
1.01754	1.01754
1.01754	1.01754
1.01754	1.01754
1.01754	1.01754
1.01754	1.01754
1.01754	1.01754
1.01754	1.01754
1.01754	1.01754
1.01754	1.01754
1.01754	1.01754
1.01754	1.01754
1.01754	1.01754
1.01754	1.01754
1.01754	1.01754
1.01754	1.01754
1.01754	1.01754
1.01754	1.01754
1.01754	1.01754
1.01754	1.01754
1.01754	1.01754
1.01754	1.01754
1.01754	1.01754
1.01754	1.01754
1.01754	1.01754
1.01754	1.01754
1.01754	1.01754
1.01754	1.01754
1.01754	1.01754
1.01754	1.01754
1.01754	1.01754
1.01754	1.01754
1.01754	1.01754
1.01754	1.01754
1.01754	1.01754
1.01754	1.01754
1.01754	1.01754
1.01754	1.01754
1.01754	1.01754
1.01754	1.01754
1.01754	1.01754
1.01754	1.01754
1.01754	1.01754
1.01754	1.01754
1.01754	1.01754
1.01754	1.01754
1.01754	1.01754
1.01754	1.01754
1.01754	1.01754
1.01754	1.01754
1.01754	1.01754
1.01754	1.01754
1.01754	1.01754
1.01754	1.01754
1.01754	1.01754
1.01754	1.01754
1.01754	1.01754
1.01754	1.01754
1.01754	1.01754
1.01754	1.01754
1.01754	1.01754
1.01754	1.01754
1.01754	1.01754
1.01754	1.01754
1.01754	1.01754
1.01754	1.01754
1.01754	1.01754
1.01754	1.01754
1.01754	1.01754
1.01754	1.01754
1.01754	1.01754
1.01754	1.01754
1.01754	1.01754
1.01754	1.01754
1.01754	1.01754
1.01754	1.01754
1.01754	1.01754
1.01754	1.01754
1.01754	1.01754
1.01754	1.01754
1.01754	1.01754
1.01754	1.01754
1.01754	1.01754
1.01754	1.01754
1.01754	1.01754
1.01754	1.01754
1.01754	1.01754
1.01754	1.01754
1.01754	1.01754
1.01754	1.01754
1.01754	1.01754
1.01754	1.01754
1.01754	1.01754
1.01754	1.01754
1.01754	1.01754
1.01754	1.01754
1.01754	1.01754
1.01754	1.01754
1.01754	1.01754
1.01754	1.01754
1.01754	1.01754
1.01754	1.01754
1.01754	1.01754
1.01754	1.01754
1.01754	1.01754
1.01754	1.01754
1.01754	1.01754
1.01754	1.01754
1.01754	1.01754
1.01754	1.01754
1.01754	1.01754
1.01754	1.01754
1.01754	1.01754
1.01754	1.01754
1.01754	1.01754
1.01754	1.01754
1.01754	1.01754
1.01754	1.01754
1.01754	1.01754
1.01754	1.01754
1.01754	1.01754
1.01754	1.01754
1.01754	1.01754
1.01754	1.01754
1.01754	1.01754
1.01754	1.01754
1.01754	1.01754
1.01754	1.01754
1.01754	1.01754
1.01754	1.01754
1.01754	1.01754
1.01754	1.01754
1.01754	1.01754
1.01754	1.01754
1.01754	1.01754
1.01754	1.01754
1.01754	1.01754
1.01754	1.01754
1.01754	1.01754
1.01754	1.01754
1.01754	1.01754
1.01754	1.01754
1.01754	1.01754
1.01754	1.01754
1.01754	1.01754
1.01754	1.01754
1.01754	1.01754
1.01754	1.01754
1.01754	1.01754
1.01754	1.01754
1.01754	1.01754
1.01754	1.01754
1.01754	1.01754
1.01754	1.01754
1.01754	1.01754
1.01754	1.01754
1.01754	1.01754
1.01754	1.01754
1.01754	1.01754
1.01754	1.01754
1.01754	1.01754
1.01754	1.01754
1.01754	1.01754
1.01754	1.01754
1.01754	1.01754
1.01754	1.01754
1.01754	1.01754
1.01754	1.01754
1.01754	1.01754
1.01754	1.01754
1.01754	1.01754
1.01754	1.01754
1.01754	1.01754
1.01754	1.01754
1.01754	1.01754
1.01754	1.01754
1.01754	1.01754
1.01754	1.01754
1.01754	1.01754
1.01754	1.01754
1.01754	1.01754
1.01754	1.01754
1.01754	1.01754
1.01754	1.01754
1.01754	1.01754
1.01754	1.01754
1.01754	1.01754
1.01754	1.01754
1.01754	1.01754
1.01754	1.01754
1.01754	1.01754
1.01754	1.01754
1.01754	1.01754
1.01754	1.01754
1.01754	1.01754
1.01754	1.01754
1.01754	1.01754
1.01754	1.01754
1.01754	1.01754
1.01754	1.01754
1.01754	1.01754
1.01754	1.01754
1.01754	1.01754
1.01754	1.01754
1.01754	1.01754
1.01754	1.01754
1.01754	1.01754
1.01754	1.01754
1.01754	1.01754
1.01754	1.01754
1.01754	1.01754
1.01754	1.01754
1.01754	1.01754
1.01754	1.01754
1.01754	1.01754
1.01754	1.01754
1.01754	1.01754
1.01754	1.01754
1.01754	1.01754
1.01754	1.01754
1.01754	1.01754
1.01754	1.01754
1.01754	1.01754
1.01754	1.01754
1.01754	1.01754
1.01754	1.01754
1.01754	1.01754
1.01754	1.01754
1.01754	1.01754
1.01754	1.01754
1.01754	1.01754
1.01754	1.01754
1.01754	1.01754
1.01754	1.01754
1.01754	1.01754
1.01754	1.01754
1.01754	1.01754
1.01754	1.01754
1.01754	1.01754
1.01754	1.01754
1.01754	1.01754
1.01754	1.01754
1.01754	1.01754
1.01754	1.01754
1.01754	1.01754
1.01754	1.01754
1.01754	1.01754
1.01754	1.01754
1.01754	1.01754
1.01754	1.01754
1.01754	1.01754
1.01754	1.01754
1.01754	1.01754
1.01754	1.01754
1.01754	1.01754
1.01754	1.01754
1.01754	1.01754
1.01754	1.01754
1.01754	1.01754
1.01754	1.01754
1.01754	1.01754
1.01754	1.01754
1.01754	1.01754
1.01754	1.01754
1.01754	1.01754
1.01754	1.01754
1.01754	1.01754
1.01754	1.01754
1.01754	1.01754
1.01754	1.01754
1.01754	1.01754
1.01754	1.01754
1.01754	1.01754
1.01754	1.01754
1.01754	1.01754
1.01754	1.01754
1.01754	1.01754
1.01754	1.01754
1.01754	1.01754
1.01754	1.01754
1.01754	1.01754
1.01754	1.01754
1.01754	1.01754
1.01754	1.01754
1.01754	1.01754
1.01754	1.01754
1.01754	1.01754
1.01754	1.01754
1.01754	1.01754
1.01754	1.01754
1.01754	1.01754
1.01754	1.01754
1.01754	1.01754
1.01754	1.01754
1.01754	1.01754
1.01754	1.01754
1.01754	1.01754
1.01754	1.01754
1.01754	1.01754
1.01754	1.01754
1.01754	1.01754
1.01754	1.01754
1.01754	1.01754
1.01754	1.01754
1.01754	1.01754
1.01754	1.01754
1.01754	1.01754
1.01754	1.01754
1.01754	1.01754
1.01754	1.01754
1.01754	1.01754
1.01754	1.01754
1.01754	1.01754
1.01754	1.01754
1.01754	1.01754
1.01754	1.01754
1.01754	1.01754
1.01754	1.01754
1.01754	1.01754
1.01754	1.01754
1.01754	1.01754
1.01754	1.01754
1.01754	1.01754
1.01754	1.01754
1.01754	1.01754
1.01754	1.01754
1.01754	1.01754
1.01754	1.01754
1.01754	1.01754
1.01754	1.01754
1.01754	1.01754
1.01754	1.01754
1.01754	1.01754
1.01754	1.01754
1.01754	1.01754
1.01754	1.01754
1.01754	1.01754
1.01754	1.01754
1.01754	1.01754
1.01754	1.01754
1.01754	1.01754
1.01754	1.01754
1.01754	1.01754
1.01754	1.01754
1.01754	1.01754
1.01754	1.01754
1.01754	1.01754
1.01754	1.01754
1.01754	1.01754
1.01754	1.01754
1.01754	1.01754
1.01754	1.01754
1.01754	1.01754
1.01754	1.01754
1.01754	1.01754
1.01754	1.01754
1.01754	1.01754
1.01754	1.01754
1.01754	1.01754
1.01754	1.01754
1.01754	1.01754
1.01754	1.01754
1.01754	1.01754
1.01754	1.01754
1.01754	1.01754
1.01754	1.01754
