-0.20481
-0.219445
-0.208053
-0.211399
-0.186614
-0.192266
-0.179505
-0.214301
-0.205664
-0.189211
-0.195688
-0.199624
-0.192382
-0.206943
-0.207647
-0.208794
-0.186974
-0.196385
-0.203047
-0.191283
-0.213864
-0.223749
-0.198769
-0.184946
-0.19848
-0.18497
-0.195045
-0.189228
-0.191477
-0.200798
-0.209986
-0.199384
-0.201515
-0.190416
-0.209626
-0.208494
-0.204363
-0.209777
-0.2102
-0.188831
-0.205341
-0.221665
-0.193457
-0.189195
-0.201178
-0.184056
-0.227878
-0.179058
-0.205164
-0.200958
-0.201005
-0.209005
-0.19816
-0.187288
-0.201214
-0.192637
-0.191175
-0.190578
-0.197019
-0.190151
-0.189028
-0.19914
-0.190012
-0.196023
-0.218602
-0.192581
-0.206139
-0.186369
-0.192681
-0.220005
-0.175893
-0.20804
-0.196057
-0.203643
-0.203313
-0.182023
-0.189688
-0.205024
-0.203117
-0.18175
-0.208733
-0.214606
-0.189718
-0.186399
-0.214146
-0.198614
-0.212559
-0.201046
-0.213873
-0.199362
-0.21784
-0.195228
-0.197386
-0.193309
-0.169743
-0.196105
-0.210668
-0.198564
-0.205432
-0.201026
