-0.44362
-0.445235
-0.444711
-0.444978
-0.444464
-0.444601
-0.442816
-0.443827
-0.443894
-0.444454
-0.443517
-0.444108
-0.443502
-0.444129
-0.445432
-0.443179
-0.445664
-0.443564
-0.444696
-0.443212
-0.443882
-0.443983
-0.444945
-0.4446
-0.443728
-0.444151
-0.444625
-0.443362
-0.444523
-0.445028
-0.445143
-0.444489
-0.445053
-0.442937
-0.444696
-0.443848
-0.444196
-0.44435
-0.446314
-0.444585
-0.44442
-0.443435
-0.445056
-0.443613
-0.44449
-0.442353
-0.443296
-0.444951
-0.44281
-0.444491
-0.444594
-0.444927
-0.445151
-0.443968
-0.444887
-0.444698
-0.443995
-0.443474
-0.445214
-0.444533
-0.444659
-0.444733
-0.446014
-0.444348
-0.443778
-0.443648
-0.444107
-0.443747
-0.443675
-0.445033
-0.443896
-0.443693
-0.443773
-0.444527
-0.445092
-0.444945
-0.444784
-0.446179
-0.444412
-0.445009
-0.443599
-0.445063
-0.444188
-0.443269
-0.444742
-0.444856
-0.444164
-0.445053
-0.445482
-0.445139
-0.444345
-0.444149
-0.444913
-0.442453
-0.444577
-0.442623
-0.444738
-0.445133
-0.445212
-0.44386
