35.0308	61.2081
31.612	52.0132
30.9845	45.6904
24.6517	40.8107
23.488	36.3599
20.1817	32.5372
17.9333	29.3845
16.6057	26.4916
13.6099	23.8261
11.3493	20.9841
8.44594	18.2122
8.1142	15.1562
7.14216	12.1917
6.77172	10.3073
6.44675	9.0975
5.95915	8.15314
5.19557	7.3611
4.57261	6.55842
4.2742	5.72592
3.95537	5.15717
3.76683	4.71835
3.05131	4.28335
2.93065	3.94442
2.72796	3.6494
2.5659	3.15998
2.45465	2.88552
2.29644	2.68706
2.25373	2.50761
2.23992	2.35871
2.17109	2.28378
2.1623	2.25551
2.11606	2.22901
2.11501	2.20195
2.11501	2.16732
2.10592	2.13783
2.10096	2.11567
2.10096	2.11048
2.10096	2.10544
2.10096	2.10271
2.10096	2.10096
2.10096	2.10096
2.10096	2.10096
2.10096	2.10096
2.10096	2.10096
2.10096	2.10096
2.10096	2.10096
2.10096	2.10096
2.10096	2.10096
2.10096	2.10096
2.10096	2.10096
2.10096	2.10096
2.10096	2.10096
2.10096	2.10096
2.10096	2.10096
2.10096	2.10096
2.10096	2.10096
2.10096	2.10096
2.10096	2.10096
2.10096	2.10096
2.10096	2.10096
2.10096	2.10096
2.10096	2.10096
2.10096	2.10096
2.10096	2.10096
2.10096	2.10096
2.10096	2.10096
2.10096	2.10096
2.10096	2.10096
2.10096	2.10096
2.10096	2.10096
2.10096	2.10096
2.10096	2.10096
2.10096	2.10096
2.10096	2.10096
2.10096	2.10096
2.10096	2.10096
2.10096	2.10096
2.10096	2.10096
2.10096	2.10096
2.10096	2.10096
2.10096	2.10096
2.10096	2.10096
2.10096	2.10096
2.10096	2.10096
2.10096	2.10096
2.10096	2.10096
2.10096	2.10096
2.10096	2.10096
2.10096	2.10096
2.10096	2.10096
2.10096	2.10096
2.10096	2.10096
2.10096	2.10096
2.10096	2.10096
2.10096	2.10096
2.10096	2.10096
2.10096	2.10096
2.10096	2.10096
2.10096	2.10096
2.10096	2.10096
2.10096	2.10096
2.10096	2.10096
2.10096	2.10096
2.10096	2.10096
2.10096	2.10096
2.10096	2.10096
2.10096	2.10096
2.10096	2.10096
2.10096	2.10096
2.10096	2.10096
2.10096	2.10096
2.10096	2.10096
2.10096	2.10096
2.10096	2.10096
2.10096	2.10096
2.10096	2.10096
2.10096	2.10096
2.10096	2.10096
2.10096	2.10096
2.10096	2.10096
2.10096	2.10096
2.10096	2.10096
2.10096	2.10096
2.10096	2.10096
2.10096	2.10096
2.10096	2.10096
2.10096	2.10096
2.10096	2.10096
2.10096	2.10096
2.10096	2.10096
2.10096	2.10096
2.10096	2.10096
2.10096	2.10096
2.10096	2.10096
2.10096	2.10096
2.10096	2.10096
2.10096	2.10096
2.10096	2.10096
2.10096	2.10096
2.10096	2.10096
2.10096	2.10096
2.10096	2.10096
2.10096	2.10096
2.10096	2.10096
2.10096	2.10096
2.10096	2.10096
2.10096	2.10096
2.10096	2.10096
2.10096	2.10096
2.10096	2.10096
2.10096	2.10096
2.10096	2.10096
2.10096	2.10096
2.10096	2.10096
2.10096	2.10096
2.10096	2.10096
2.10096	2.10096
2.10096	2.10096
2.10096	2.10096
2.10096	2.10096
2.10096	2.10096
2.10096	2.10096
2.10096	2.10096
2.10096	2.10096
2.10096	2.10096
2.10096	2.10096
2.10096	2.10096
2.10096	2.10096
2.10096	2.10096
2.10096	2.10096
2.10096	2.10096
2.10096	2.10096
2.10096	2.10096
2.10096	2.10096
2.10096	2.10096
2.10096	2.10096
2.10096	2.10096
2.10096	2.10096
2.10096	2.10096
2.10096	2.10096
2.10096	2.10096
2.10096	2.10096
2.10096	2.10096
2.10096	2.10096
2.10096	2.10096
2.10096	2.10096
2.10096	2.10096
2.10096	2.10096
2.10096	2.10096
2.10096	2.10096
2.10096	2.10096
2.10096	2.10096
2.10096	2.10096
2.10096	2.10096
2.10096	2.10096
2.10096	2.10096
2.10096	2.10096
2.10096	2.10096
2.10096	2.10096
2.10096	2.10096
2.10096	2.10096
