39.4718	61.493
35.1987	52.4304
31.746	45.7107
26.5292	40.3204
21.4756	36.2926
21.2165	32.649
18.7185	29.5698
15.8028	26.65
15.5418	23.8031
13.9629	21.3991
13.5014	19.4265
10.8049	17.0452
9.60582	14.942
8.49131	13.195
8.32089	11.4064
7.77627	9.83959
5.90347	8.82862
5.29581	8.05466
4.73933	6.97106
4.32957	5.62771
3.98783	5.0854
3.61918	4.64041
3.10829	4.34173
2.74439	3.98887
2.68191	3.40997
2.40401	3.02591
2.40401	2.71448
2.2996	2.55781
2.2292	2.4313
2.21326	2.32227
2.19742	2.26783
2.17549	2.22803
2.1368	2.2106
2.10934	2.17495
2.10592	2.14636
2.10096	2.11973
2.10096	2.10621
2.10096	2.10407
2.10096	2.10125
2.10096	2.10096
2.10096	2.10096
2.10096	2.10096
2.10096	2.10096
2.10096	2.10096
2.10096	2.10096
2.10096	2.10096
2.10096	2.10096
2.10096	2.10096
2.10096	2.10096
2.10096	2.10096
2.10096	2.10096
2.10096	2.10096
2.10096	2.10096
2.10096	2.10096
2.10096	2.10096
2.10096	2.10096
2.10096	2.10096
2.10096	2.10096
2.10096	2.10096
2.10096	2.10096
2.10096	2.10096
2.10096	2.10096
2.10096	2.10096
2.10096	2.10096
2.10096	2.10096
2.10096	2.10096
2.10096	2.10096
2.10096	2.10096
2.10096	2.10096
2.10096	2.10096
2.10096	2.10096
2.10096	2.10096
2.10096	2.10096
2.10096	2.10096
2.10096	2.10096
2.10096	2.10096
2.10096	2.10096
2.10096	2.10096
2.10096	2.10096
2.10096	2.10096
2.10096	2.10096
2.10096	2.10096
2.10096	2.10096
2.10096	2.10096
2.10096	2.10096
2.10096	2.10096
2.10096	2.10096
2.10096	2.10096
2.10096	2.10096
2.10096	2.10096
2.10096	2.10096
2.10096	2.10096
2.10096	2.10096
2.10096	2.10096
2.10096	2.10096
2.10096	2.10096
2.10096	2.10096
2.10096	2.10096
2.10096	2.10096
2.10096	2.10096
2.10096	2.10096
2.10096	2.10096
2.10096	2.10096
2.10096	2.10096
2.10096	2.10096
2.10096	2.10096
2.10096	2.10096
2.10096	2.10096
2.10096	2.10096
2.10096	2.10096
2.10096	2.10096
2.10096	2.10096
2.10096	2.10096
2.10096	2.10096
2.10096	2.10096
2.10096	2.10096
2.10096	2.10096
2.10096	2.10096
2.10096	2.10096
2.10096	2.10096
2.10096	2.10096
2.10096	2.10096
2.10096	2.10096
2.10096	2.10096
2.10096	2.10096
2.10096	2.10096
2.10096	2.10096
2.10096	2.10096
2.10096	2.10096
2.10096	2.10096
2.10096	2.10096
2.10096	2.10096
2.10096	2.10096
2.10096	2.1045
2.10096	2.10096
2.10096	2.10096
2.10096	2.10096
2.10096	2.10096
2.10096	2.10096
2.10096	2.10096
2.10096	2.10096
2.10096	2.10096
2.10096	2.10096
2.10096	2.10096
2.10096	2.10096
2.10096	2.10096
2.10096	2.10096
2.10096	2.10096
2.10096	2.10096
2.10096	2.10096
2.10096	2.10096
2.10096	2.10096
2.10096	2.10096
2.10096	2.10096
2.10096	2.10096
2.10096	2.10096
2.10096	2.10096
2.10096	2.10096
2.10096	2.10096
2.10096	2.10096
2.10096	2.10096
2.10096	2.10096
2.10096	2.10096
2.10096	2.10096
2.10096	2.10096
2.10096	2.10096
2.10096	2.10096
2.10096	2.10096
2.10096	2.10096
2.10096	2.10096
2.10096	2.10096
2.10096	2.10096
2.10096	2.10096
2.10096	2.10096
2.10096	2.10096
2.10096	2.10096
2.10096	2.10096
2.10096	2.10096
2.10096	2.10096
2.10096	2.10096
2.10096	2.10096
2.10096	2.10096
2.10096	2.10096
2.10096	2.10096
2.10096	2.10096
2.10096	2.10096
2.10096	2.10096
2.10096	2.10096
2.10096	2.10096
2.10096	2.10096
2.10096	2.10096
2.10096	2.10096
2.10096	2.10096
2.10096	2.10096
2.10096	2.10096
2.10096	2.10096
2.10096	2.10096
2.10096	2.10096
2.10096	2.10096
2.10096	2.10096
2.10096	2.10096
2.10096	2.10096
2.10096	2.10096
2.10096	2.10096
2.10096	2.10096
2.10096	2.10096
2.10096	2.10096
2.10096	2.10096
2.10096	2.10096
2.10096	2.10096
2.10096	2.10096
2.10096	2.10096
2.10096	2.10096
2.10096	2.10096
2.10096	2.10096
2.10096	2.10096
2.10096	2.10096
2.10096	2.10096
2.10096	2.10096
2.10096	2.10096
2.10096	2.10096
2.10096	2.10096
2.10096	2.10096
2.10096	2.10096
2.10096	2.10096
2.10096	2.10096
2.10096	2.10096
2.10096	2.10096
2.10096	2.10096
2.10096	2.10096
2.10096	2.10096
2.10096	2.10096
2.10096	2.10096
2.10096	2.10096
2.10096	2.10096
2.10096	2.10096
2.10096	2.10096
2.10096	2.10096
2.10096	2.10096
2.10096	2.10096
2.10096	2.10096
2.10096	2.10096
2.10096	2.10096
2.10096	2.10096
2.10096	2.10096
2.10096	2.10096
2.10096	2.10096
2.10096	2.10096
2.10096	2.10096
2.10096	2.10096
2.10096	2.10096
2.10096	2.10096
2.10096	2.10096
2.10096	2.10096
2.10096	2.10096
2.10096	2.10096
2.10096	2.10096
2.10096	2.10096
2.10096	2.10096
2.10096	2.10096
2.10096	2.10096
2.10096	2.10096
2.10096	2.10096
2.10096	2.10096
2.10096	2.10096
2.10096	2.10096
2.10096	2.10096
2.10096	2.10096
2.10096	2.10096
2.10096	2.10096
2.10096	2.10096
2.10096	2.10096
2.10096	2.10096
2.10096	2.10096
2.10096	2.10096
2.10096	2.10096
2.10096	2.10096
2.10096	2.10096
2.10096	2.10096
2.10096	2.10096
2.10096	2.10096
2.10096	2.10096
2.10096	2.10096
2.10096	2.10096
2.10096	2.10096
2.10096	2.10096
2.10096	2.10096
2.10096	2.10096
2.10096	2.10096
2.10096	2.10096
2.10096	2.10096
2.10096	2.10096
2.10096	2.10096
2.10096	2.10096
2.10096	2.10096
2.10096	2.10096
2.10096	2.10096
2.10096	2.10096
2.10096	2.10096
2.10096	2.10096
2.10096	2.10096
2.10096	2.10096
2.10096	2.10096
2.10096	2.10096
2.10096	2.10096
2.10096	2.10096
2.10096	2.10096
2.10096	2.10096
2.10096	2.10096
2.10096	2.10096
2.10096	2.10096
2.10096	2.10096
2.10096	2.10096
2.10096	2.10096
2.10096	2.10096
2.10096	2.10096
2.10096	2.10096
2.10096	2.10096
2.10096	2.10096
2.10096	2.10096
2.10096	2.10096
2.10096	2.10096
2.10096	2.10096
2.10096	2.10096
2.10096	2.10096
2.10096	2.10096
2.10096	2.10096
2.10096	2.10096
2.10096	2.10096
2.10096	2.10096
2.10096	2.10096
2.10096	2.10096
2.10096	2.10096
2.10096	2.10096
2.10096	2.10096
2.10096	2.10096
2.10096	2.10096
2.10096	2.10096
2.10096	2.10096
2.10096	2.10096
2.10096	2.10096
2.10096	2.10096
2.10096	2.10096
2.10096	2.10096
2.10096	2.10096
2.10096	2.10096
2.10096	2.10096
2.10096	2.10096
2.10096	2.10096
2.10096	2.10096
2.10096	2.10096
2.10096	2.10096
2.10096	2.10096
2.10096	2.10096
2.10096	2.10096
2.10096	2.10096
2.10096	2.10096
2.10096	2.10096
2.10096	2.10096
2.10096	2.10096
2.10096	2.10096
2.10096	2.10096
2.10096	2.10096
2.10096	2.10096
2.10096	2.10096
2.10096	2.10096
2.10096	2.10096
2.10096	2.10096
2.10096	2.10096
2.10096	2.10096
2.10096	2.10096
2.10096	2.10096
2.10096	2.10096
2.10096	2.10096
2.10096	2.10096
2.10096	2.10096
2.10096	2.10096
2.10096	2.10096
2.10096	2.10096
2.10096	2.10096
2.10096	2.10096
2.10096	2.10096
2.10096	2.10096
2.10096	2.10096
2.10096	2.10096
2.10096	2.10096
2.10096	2.10096
2.10096	2.10096
2.10096	2.10096
2.10096	2.10096
2.10096	2.10096
2.10096	2.10096
2.10096	2.10096
2.10096	2.10096
2.10096	2.10096
2.10096	2.10096
2.10096	2.10096
2.10096	2.10096
2.10096	2.10096
2.10096	2.10096
2.10096	2.10096
2.10096	2.10096
2.10096	2.10096
2.10096	2.10096
2.10096	2.10096
2.10096	2.10096
2.10096	2.10096
2.10096	2.10096
2.10096	2.10096
2.10096	2.10096
2.10096	2.10096
2.10096	2.10096
2.10096	2.10096
2.10096	2.10096
2.10096	2.10096
2.10096	2.10096
2.10096	2.10096
2.10096	2.10096
2.10096	2.10096
2.10096	2.10096
2.10096	2.10096
2.10096	2.10096
2.10096	2.10096
2.10096	2.10096
2.10096	2.10096
2.10096	2.10096
2.10096	2.10096
2.10096	2.10096
2.10096	2.10096
2.10096	2.10096
2.10096	2.10096
2.10096	2.10096
2.10096	2.10096
2.10096	2.10096
2.10096	2.10096
2.10096	2.10096
2.10096	2.10096
2.10096	2.10096
2.10096	2.10096
2.10096	2.10096
2.10096	2.10096
2.10096	2.10096
2.10096	2.10096
2.10096	2.10096
2.10096	2.10096
2.10096	2.10096
2.10096	2.10096
2.10096	2.10096
2.10096	2.10096
2.10096	2.10096
2.10096	2.10096
2.10096	2.10096
2.10096	2.10096
2.10096	2.10096
2.10096	2.10096
2.10096	2.10096
2.10096	2.10096
2.10096	2.10096
2.10096	2.10096
2.10096	2.10096
2.10096	2.10096
2.10096	2.10096
2.10096	2.10096
2.10096	2.10096
2.10096	2.10096
2.10096	2.10096
2.10096	2.10096
2.10096	2.10096
2.10096	2.10096
2.10096	2.10096
2.10096	2.10096
2.10096	2.10096
2.10096	2.10096
2.10096	2.10096
2.10096	2.10096
2.10096	2.10096
2.10096	2.10096
2.10096	2.10096
2.10096	2.10096
2.10096	2.10096
2.10096	2.10096
2.10096	2.10096
2.10096	2.10096
2.10096	2.10096
2.10096	2.10096
2.10096	2.10096
2.10096	2.10096
2.10096	2.10096
2.10096	2.10096
2.10096	2.10096
2.10096	2.10096
2.10096	2.10096
2.10096	2.10096
2.10096	2.10096
2.10096	2.10096
2.10096	2.10096
2.10096	2.10096
2.10096	2.10096
2.10096	2.10096
2.10096	2.10096
2.10096	2.10096
2.10096	2.10096
2.10096	2.10096
2.10096	2.10096
2.10096	2.10096
2.10096	2.10096
2.10096	2.10096
2.10096	2.10096
2.10096	2.10096
2.10096	2.10096
2.10096	2.10096
2.10096	2.10096
2.10096	2.10096
2.10096	2.10096
2.10096	2.10096
2.10096	2.10096
2.10096	2.10096
2.10096	2.10096
2.10096	2.10096
2.10096	2.10096
2.10096	2.10096
2.10096	2.10096
2.10096	2.10096
2.10096	2.10096
2.10096	2.10096
2.10096	2.10096
2.10096	2.10096
2.10096	2.10096
2.10096	2.10096
2.10096	2.10096
2.10096	2.10096
2.10096	2.10096
2.10096	2.10096
2.10096	2.10096
2.10096	2.10096
2.10096	2.10096
2.10096	2.10096
2.10096	2.10096
2.10096	2.10096
2.10096	2.10096
2.10096	2.10096
2.10096	2.10096
2.10096	2.10096
2.10096	2.10096
2.10096	2.10096
2.10096	2.10096
2.10096	2.10096
2.10096	2.10096
2.10096	2.10096
2.10096	2.10096
2.10096	2.10096
2.10096	2.10096
2.10096	2.10096
2.10096	2.10096
2.10096	2.10096
2.10096	2.10096
2.10096	2.10096
2.10096	2.10096
2.10096	2.10096
2.10096	2.10096
2.10096	2.10096
2.10096	2.10096
2.10096	2.10096
2.10096	2.10096
2.10096	2.10096
2.10096	2.10096
2.10096	2.10096
2.10096	2.10096
2.10096	2.10096
2.10096	2.10096
2.10096	2.10096
2.10096	2.10096
2.10096	2.10096
2.10096	2.10096
2.10096	2.10096
2.10096	2.10096
2.10096	2.10096
2.10096	2.10096
2.10096	2.10096
2.10096	2.10096
2.10096	2.10096
2.10096	2.10096
2.10096	2.10096
2.10096	2.10096
2.10096	2.10096
2.10096	2.10096
2.10096	2.10096
2.10096	2.10096
2.10096	2.10096
2.10096	2.10096
2.10096	2.10096
2.10096	2.10096
2.10096	2.10096
2.10096	2.10096
2.10096	2.10096
2.10096	2.10096
2.10096	2.10096
2.10096	2.10096
2.10096	2.10096
2.10096	2.10096
2.10096	2.10096
